BatchGV	\Add5 vol/inj	Add5 rate	Add5 #inj	Add5 Vol
[2993.1298604400413]	[48.67182922363281][42][0.13400006294250488]	[0.0][0][0.0]	[62.791229248046875][46][0.36500000953674316]
[2993.1298604400413]	[48.67182922363281][42][0.13400006294250488]	[0.0][0][0.0]	[62.791229248046875][46][0.36500000953674316]
[2993.1298604400413]	[48.67182922363281][42][0.13400006294250488]	[0.0][0][0.0]	[62.791229248046875][46][0.36500000953674316]
[2993.1298604400413]	[48.67182922363281][42][0.13400006294250488]	[0.0][0][0.0]	[62.791229248046875][46][0.36500000953674316]
[2993.1298604400413]	[48.67182922363281][42][0.13400006294250488]	[0.0][0][0.0]	[62.791229248046875][46][0.36500000953674316]
[2993.1298604400413]	[48.67182922363281][42][0.13400006294250488]	[0.0][0][0.0]	[62.791229248046875][46][0.36500000953674316]
[2993.1298604400413]	[48.67182922363281][42][0.13400006294250488]	[0.0][0][0.0]	[62.791229248046875][46][0.36500000953674316]
[2993.1298604400413]	[48.67182922363281][42][0.13400006294250488]	[0.0][0][0.0]	[62.791229248046875][46][0.36500000953674316]
[2993.1298604400413]	[48.67182922363281][42][0.13400006294250488]	[0.0][0][0.0]	[62.791229248046875][46][0.36500000953674316]
[0.0]	[0.0][0][0.0]	[0.0][0][0.0]	[56.48756790161133][0][0.0]
[0.6668000221252441]	[0.0][0][0.0]	[0.0][0][0.0]	[56.48756790161133][0][0.0]
[1.3127625435590744]	[0.0][0][0.0]	[0.0][0][0.0]	[56.48756790161133][0][0.0]
[2.604687586426735]	[0.0][0][0.0]	[0.0][0][0.0]	[56.48756790161133][0][0.0]
[3.250650107860565]	[0.0][0][0.0]	[0.0][0][0.0]	[56.48756790161133][0][0.0]
[3.8966126292943954]	[0.0][0][0.0]	[0.0][0][0.0]	[56.48756790161133][0][0.0]
[4.542575150728226]	[0.0][0][0.0]	[0.0][0][0.0]	[56.48756790161133][0][0.0]
[5.167700171470642]	[0.0][0][0.0]	[0.0][0][0.0]	[56.48756790161133][0][0.0]
[6.4804627150297165]	[0.0][0][0.0]	[0.0][0][0.0]	[56.48756790161133][0][0.0]
[7.126425236463547]	[0.0][0][0.0]	[0.0][0][0.0]	[56.48756790161133][0][0.0]
[7.793225258588791]	[0.0][0][0.0]	[0.0][0][0.0]	[56.48756790161133][0][0.0]
[8.397512778639793]	[0.0][0][0.0]	[0.0][0][0.0]	[56.48756790161133][0][0.0]
[9.710275322198868]	[0.0][0][0.0]	[0.0][0][0.0]	[56.48756790161133][0][0.0]
[10.356237843632698]	[0.0][0][0.0]	[0.0][0][0.0]	[56.48756790161133][0][0.0]
[11.002200365066528]	[0.0][0][0.0]	[0.0][0][0.0]	[56.48756790161133][0][0.0]
[12.314962908625603]	[0.0][0][0.0]	[0.0][0][0.0]	[56.48756790161133][0][0.0]
[12.960925430059433]	[0.0][0][0.0]	[0.0][0][0.0]	[56.48756790161133][0][0.0]
[13.606887951493263]	[0.0][0][0.0]	[0.0][0][0.0]	[56.48756790161133][0][0.0]
[14.252850472927094]	[0.0][0][0.0]	[0.0][0][0.0]	[56.48756790161133][0][0.0]
[15.544775515794754]	[0.0][0][0.0]	[0.0][0][0.0]	[56.48756790161133][0][0.0]
[16.190738037228584]	[0.0][0][0.0]	[0.0][0][0.0]	[56.48756790161133][0][0.0]
[16.815863057971]	[0.0][0][0.0]	[0.0][0][0.0]	[56.48756790161133][0][0.0]
[18.128625601530075]	[0.0][0][0.0]	[0.0][0][0.0]	[56.48756790161133][0][0.0]
[18.79542562365532]	[0.0][0][0.0]	[0.0][0][0.0]	[56.48756790161133][0][0.0]
[20.066513165831566]	[0.0][0][0.0]	[0.0][0][0.0]	[56.48756790161133][0][0.0]
[20.712475687265396]	[0.0][0][0.0]	[0.0][0][0.0]	[56.48756790161133][0][0.0]
[21.358438208699226]	[0.0][0][0.0]	[0.0][0][0.0]	[56.48756790161133][0][0.0]
[22.6712007522583]	[0.0][0][0.0]	[0.0][0][0.0]	[56.48756790161133][0][0.0]
[23.31716327369213]	[0.0][0][0.0]	[0.0][0][0.0]	[56.48756790161133][0][0.0]
[23.96312579512596]	[0.0][0][0.0]	[0.0][0][0.0]	[56.48756790161133][0][0.0]
[25.29672583937645]	[0.0][0][0.0]	[0.0][0][0.0]	[56.48756790161133][0][0.0]
[25.94268836081028]	[0.0][0][0.0]	[0.0][0][0.0]	[56.48756790161133][0][0.0]
[26.58865088224411]	[0.0][0][0.0]	[0.0][0][0.0]	[56.48756790161133][0][0.0]
[27.213775902986526]	[0.0][0][0.0]	[0.0][0][0.0]	[56.48756790161133][0][0.0]
[28.505700945854187]	[0.0][0][0.0]	[0.0][0][0.0]	[56.48756790161133][0][0.0]
[29.151663467288017]	[0.0][0][0.0]	[0.0][0][0.0]	[56.48756790161133][0][0.0]
[29.797625988721848]	[0.0][0][0.0]	[0.0][0][0.0]	[56.48756790161133][0][0.0]
[30.46442601084709]	[0.0][0][0.0]	[0.0][0][0.0]	[56.48756790161133][0][0.0]
[31.777188554406166]	[0.0][0][0.0]	[0.0][0][0.0]	[56.48756790161133][0][0.0]
[32.50650107860565]	[0.0][0][0.0]	[0.0][0][0.0]	[56.48756790161133][0][0.0]
[33.15246360003948]	[0.0][0][0.0]	[0.0][0][0.0]	[56.48756790161133][0][0.0]
[33.860938623547554]	[0.0][0][0.0]	[0.0][0][0.0]	[56.48756790161133][0][0.0]
[35.1320261657238]	[0.0][0][0.0]	[0.0][0][0.0]	[56.48756790161133][0][0.0]
[35.77798868715763]	[0.0][0][0.0]	[0.0][0][0.0]	[56.48756790161133][0][0.0]
[36.42395120859146]	[0.0][0][0.0]	[0.0][0][0.0]	[56.48756790161133][0][0.0]
[37.71587625145912]	[0.0][0][0.0]	[0.0][0][0.0]	[56.48756790161133][0][0.0]
[38.36183877289295]	[0.0][0][0.0]	[0.0][0][0.0]	[56.48756790161133][0][0.0]
[39.00780129432678]	[0.0][0][0.0]	[0.0][0][0.0]	[56.48756790161133][0][0.0]
[40.32056383788586]	[0.0][0][0.0]	[0.0][0][0.0]	[56.48756790161133][0][0.0]
[40.96652635931969]	[0.0][0][0.0]	[0.0][0][0.0]	[56.48756790161133][0][0.0]
[41.61248888075352]	[0.0][0][0.0]	[0.0][0][0.0]	[56.48756790161133][0][0.0]
[42.27928890287876]	[0.0][0][0.0]	[0.0][0][0.0]	[56.48756790161133][0][0.0]
[43.55037644505501]	[0.0][0][0.0]	[0.0][0][0.0]	[56.48756790161133][0][0.0]
[44.21717646718025]	[0.0][0][0.0]	[0.0][0][0.0]	[56.48756790161133][0][0.0]
[45.4882640093565]	[0.0][0][0.0]	[0.0][0][0.0]	[56.48756790161133][0][0.0]
[46.13422653079033]	[0.0][0][0.0]	[0.0][0][0.0]	[56.48756790161133][0][0.0]
[46.759351551532745]	[0.0][0][0.0]	[0.0][0][0.0]	[56.48756790161133][0][0.0]
[48.07211409509182]	[0.0][0][0.0]	[0.0][0][0.0]	[56.48756790161133][0][0.0]
[48.71807661652565]	[0.0][0][0.0]	[0.0][0][0.0]	[56.48756790161133][0][0.0]
[49.36403913795948]	[0.0][0][0.0]	[0.0][0][0.0]	[56.48756790161133][0][0.0]
[52.8439017534256]	[0.0][0][0.0]	[0.0][0][0.0]	[56.48756790161133][0][0.0]
[55.677801847457886]	[0.0][0][0.0]	[0.0][0][0.0]	[56.48756790161133][0][0.0]
[58.42835193872452]	[0.0][0][0.0]	[0.0][0][0.0]	[56.48756790161133][0][0.0]
[63.92945212125778]	[0.0][0][0.0]	[0.0][0][0.0]	[56.48756790161133][0][0.0]
[66.68000221252441]	[0.0][0][0.0]	[0.0][0][0.0]	[56.48756790161133][0][0.0]
[69.43055230379105]	[0.0][0][0.0]	[0.0][0][0.0]	[56.48756790161133][0][0.0]
[75.01500248908997]	[0.0][0][0.0]	[0.0][0][0.0]	[56.48756790161133][0][0.0]
[77.7655525803566]	[0.0][0][0.0]	[0.0][0][0.0]	[56.48756790161133][0][0.0]
[80.42233391851187]	[0.0][0][0.0]	[0.0][0][0.0]	[56.48756790161133][0][0.0]
[86.19432161003351]	[0.0][0][0.0]	[0.0][0][0.0]	[56.48756790161133][0][0.0]
[89.12199045717716]	[0.0][0][0.0]	[0.0][0][0.0]	[54.892147064208984][0][0.0]
[91.8725405484438]	[0.0][0][0.0]	[0.0][0][0.0]	[54.892147064208984][1][0.004000186920166016]
[94.70644064247608]	[0.0][0][0.0]	[0.0][0][0.0]	[54.892147064208984][1][0.00800013542175293]
[100.290890827775]	[0.0][0][0.0]	[0.0][0][0.0]	[54.892147064208984][1][0.00800013542175293]
[103.04144091904163]	[0.0][0][0.0]	[0.0][0][0.0]	[54.892147064208984][1][0.00800013542175293]
[105.79199101030827]	[0.0][0][0.0]	[0.0][0][0.0]	[54.892147064208984][1][0.00800013542175293]
[111.28267244249582]	[0.0][0][0.0]	[0.0][0][0.0]	[54.892147064208984][1][0.00800013542175293]
[114.03322253376245]	[0.0][0][0.0]	[0.0][0][0.0]	[54.892147064208984][1][0.00800013542175293]
[116.78377262502909]	[0.0][0][0.0]	[0.0][0][0.0]	[54.892147064208984][1][0.00800013542175293]
[122.28487280756235]	[0.0][0][0.0]	[0.0][0][0.0]	[54.892147064208984][1][0.00800013542175293]
[125.03542289882898]	[0.0][0][0.0]	[0.0][0][0.0]	[54.892147064208984][1][0.00800013542175293]
[127.69220423698425]	[0.0][0][0.0]	[0.0][0][0.0]	[54.892147064208984][1][0.00800013542175293]
[133.36000442504883]	[0.0][0][0.0]	[0.0][0][0.0]	[54.892147064208984][1][0.00800013542175293]
[136.0167857632041]	[0.0][0][0.0]	[0.0][0][0.0]	[54.892147064208984][1][0.00800013542175293]
[138.85068585723639]	[0.0][0][0.0]	[0.0][0][0.0]	[54.892147064208984][1][0.00800013542175293]
[144.2580172866583]	[0.0][0][0.0]	[0.0][0][0.0]	[54.892147064208984][1][0.00800013542175293]
[146.91479862481356]	[0.0][0][0.0]	[0.0][0][0.0]	[54.892147064208984][2][0.009000062942504883]
[149.74869871884584]	[0.0][0][0.0]	[0.0][0][0.0]	[54.892147064208984][2][0.015000104904174805]
[155.2497989013791]	[0.0][0][0.0]	[0.0][0][0.0]	[54.892147064208984][2][0.015000104904174805]
[157.90658023953438]	[0.0][0][0.0]	[0.0][0][0.0]	[54.892147064208984][2][0.015000104904174805]
[160.74048033356667]	[0.0][0][0.0]	[0.0][0][0.0]	[54.892147064208984][2][0.015000104904174805]
[163.39726167172194]	[0.0][0][0.0]	[0.0][0][0.0]	[54.892147064208984][2][0.015000104904174805]
[169.07548061013222]	[0.0][0][0.0]	[0.0][0][0.0]	[54.892147064208984][2][0.015000104904174805]
[171.82603070139885]	[0.0][0][0.0]	[0.0][0][0.0]	[54.892147064208984][2][0.015000104904174805]
[177.3271308839321]	[0.0][0][0.0]	[0.0][0][0.0]	[54.892147064208984][2][0.015000104904174805]
[179.98391222208738]	[0.0][0][0.0]	[0.0][0][0.0]	[54.892147064208984][2][0.015000104904174805]
[182.81781231611967]	[0.0][0][0.0]	[0.0][0][0.0]	[54.892147064208984][2][0.015000104904174805]
[188.22514374554157]	[0.0][0][0.0]	[0.0][0][0.0]	[54.892147064208984][2][0.015000104904174805]
[190.9756938368082]	[0.0][0][0.0]	[0.0][0][0.0]	[54.892147064208984][2][0.015000104904174805]
[193.72624392807484]	[0.0][0][0.0]	[0.0][0][0.0]	[54.892147064208984][2][0.015000104904174805]
[199.31069411337376]	[0.0][0][0.0]	[0.0][0][0.0]	[54.892147064208984][2][0.015000104904174805]
[202.0612442046404]	[0.0][0][0.0]	[0.0][0][0.0]	[54.892147064208984][3][0.018000125885009766]
[204.81179429590702]	[0.0][0][0.0]	[0.0][0][0.0]	[54.892147064208984][3][0.023000001907348633]
[210.31289447844028]	[0.0][0][0.0]	[0.0][0][0.0]	[54.892147064208984][3][0.023000001907348633]
[213.06344456970692]	[0.0][0][0.0]	[0.0][0][0.0]	[54.892147064208984][3][0.023000001907348633]
[215.81399466097355]	[0.0][0][0.0]	[0.0][0][0.0]	[54.892147064208984][3][0.023000001907348633]
[218.92920101433992]	[0.0][0][0.0]	[0.0][0][0.0]	[54.892147064208984][3][0.023000001907348633]
[224.51365119963884]	[0.0][0][0.0]	[0.0][0][0.0]	[54.892147064208984][3][0.023000001907348633]
[227.26420129090548]	[0.0][0][0.0]	[0.0][0][0.0]	[54.892147064208984][3][0.023000001907348633]
[232.66111396998167]	[0.0][0][0.0]	[0.0][0][0.0]	[54.892147064208984][3][0.023000001907348633]
[235.58878281712532]	[0.0][0][0.0]	[0.0][0][0.0]	[54.892147064208984][3][0.023000001907348633]
[238.33933290839195]	[0.0][0][0.0]	[0.0][0][0.0]	[54.892147064208984][3][0.023000001907348633]
[243.84043309092522]	[0.0][0][0.0]	[0.0][0][0.0]	[54.892147064208984][3][0.023000001907348633]
[246.6743331849575]	[0.0][0][0.0]	[0.0][0][0.0]	[54.892147064208984][3][0.023000001907348633]
[252.17543336749077]	[0.0][0][0.0]	[0.0][0][0.0]	[54.892147064208984][3][0.023000001907348633]
[254.9259834587574]	[0.0][0][0.0]	[0.0][0][0.0]	[54.892147064208984][4][0.02500009536743164]
[257.67653355002403]	[0.0][0][0.0]	[0.0][0][0.0]	[54.892147064208984][4][0.03000020980834961]
[263.1776337325573]	[0.0][0][0.0]	[0.0][0][0.0]	[54.892147064208984][4][0.031000137329101562]
[265.92818382382393]	[0.0][0][0.0]	[0.0][0][0.0]	[54.892147064208984][4][0.031000137329101562]
[268.67873391509056]	[0.0][0][0.0]	[0.0][0][0.0]	[54.892147064208984][4][0.031000137329101562]
[274.2631841003895]	[0.0][0][0.0]	[0.0][0][0.0]	[54.892147064208984][4][0.031000137329101562]
[276.91996543854475]	[0.0][0][0.0]	[0.0][0][0.0]	[54.892147064208984][4][0.031000137329101562]
[279.6705155298114]	[0.0][0][0.0]	[0.0][0][0.0]	[54.892147064208984][4][0.031000137329101562]
[282.421065621078]	[0.0][0][0.0]	[0.0][0][0.0]	[54.892147064208984][4][0.031000137329101562]
[287.9221658036113]	[0.0][0][0.0]	[0.0][0][0.0]	[54.892147064208984][4][0.031000137329101562]
[290.75606589764357]	[0.0][0][0.0]	[0.0][0][0.0]	[54.892147064208984][4][0.031000137329101562]
[296.3405160829425]	[0.0][0][0.0]	[0.0][0][0.0]	[54.892147064208984][4][0.031000137329101562]
[299.0910661742091]	[0.0][0][0.0]	[0.0][0][0.0]	[54.892147064208984][4][0.031000137329101562]
[301.84161626547575]	[0.0][0][0.0]	[0.0][0][0.0]	[54.892147064208984][4][0.031000137329101562]
[307.342716448009]	[0.0][0][0.0]	[0.0][0][0.0]	[54.892147064208984][4][0.031000137329101562]
[310.09326653927565]	[0.0][0][0.0]	[0.0][0][0.0]	[54.892147064208984][5][0.03500008583068848]
[312.8438166305423]	[0.0][0][0.0]	[0.0][0][0.0]	[54.892147064208984][5][0.040000200271606445]
[318.2511480599642]	[0.0][0][0.0]	[0.0][0][0.0]	[54.892147064208984][5][0.040000200271606445]
[321.0016981512308]	[0.0][0][0.0]	[0.0][0][0.0]	[54.892147064208984][5][0.040000200271606445]
[323.8355982452631]	[0.0][0][0.0]	[0.0][0][0.0]	[54.892147064208984][5][0.040000200271606445]
[326.58614833652973]	[0.0][0][0.0]	[0.0][0][0.0]	[54.892147064208984][5][0.040000200271606445]
[332.087248519063]	[0.0][0][0.0]	[0.0][0][0.0]	[54.892147064208984][5][0.040000200271606445]
[334.8377986103296]	[0.0][0][0.0]	[0.0][0][0.0]	[54.892147064208984][5][0.040000200271606445]
[340.24513003975153]	[0.0][0][0.0]	[0.0][0][0.0]	[54.892147064208984][5][0.040000200271606445]
[343.0790301337838]	[0.0][0][0.0]	[0.0][0][0.0]	[54.892147064208984][5][0.040000200271606445]
[348.47594281286]	[0.0][0][0.0]	[0.0][0][0.0]	[54.892147064208984][5][0.040000200271606445]
[354.06039299815893]	[0.0][0][0.0]	[0.0][0][0.0]	[54.892147064208984][5][0.040000200271606445]
[356.8942930921912]	[0.0][0][0.0]	[0.0][0][0.0]	[54.892147064208984][5][0.040000200271606445]
[362.7496307864785]	[0.0][0][0.0]	[0.0][0][0.0]	[54.892147064208984][5][0.0410001277923584]
[365.50018087774515]	[0.0][0][0.0]	[0.0][0][0.0]	[54.892147064208984][6][0.04500007629394531]
[371.2721685692668]	[0.0][0][0.0]	[0.0][0][0.0]	[54.892147064208984][6][0.04700016975402832]
[373.92894990742207]	[0.0][0][0.0]	[0.0][0][0.0]	[54.892147064208984][6][0.04700016975402832]
[376.6794999986887]	[0.0][0][0.0]	[0.0][0][0.0]	[54.892147064208984][6][0.04700016975402832]
[379.43005008995533]	[0.0][0][0.0]	[0.0][0][0.0]	[54.892147064208984][6][0.04700016975402832]
[384.83738151937723]	[0.0][0][0.0]	[0.0][0][0.0]	[54.892147064208984][6][0.04700016975402832]
[387.58793161064386]	[0.0][0][0.0]	[0.0][0][0.0]	[54.892147064208984][6][0.04700016975402832]
[392.99526304006577]	[0.0][0][0.0]	[0.0][0][0.0]	[54.892147064208984][6][0.04700016975402832]
[395.65204437822104]	[0.0][0][0.0]	[0.0][0][0.0]	[54.892147064208984][6][0.04700016975402832]
[398.4859444722533]	[0.0][0][0.0]	[0.0][0][0.0]	[54.892147064208984][6][0.04700016975402832]
[403.9870446547866]	[0.0][0][0.0]	[0.0][0][0.0]	[54.892147064208984][6][0.04700016975402832]
[406.7375947460532]	[0.0][0][0.0]	[0.0][0][0.0]	[54.892147064208984][6][0.04700016975402832]
[409.48814483731985]	[0.0][0][0.0]	[0.0][0][0.0]	[54.892147064208984][6][0.04700016975402832]
[414.89547626674175]	[0.0][0][0.0]	[0.0][0][0.0]	[54.892147064208984][6][0.04700016975402832]
[417.6460263580084]	[0.0][0][0.0]	[0.0][0][0.0]	[54.892147064208984][6][0.04700016975402832]
[420.396576449275]	[0.0][0][0.0]	[0.0][0][0.0]	[54.892147064208984][7][0.05000019073486328]
[425.8039078786969]	[0.0][0][0.0]	[0.0][0][0.0]	[54.892147064208984][7][0.05500006675720215]
[428.6378079727292]	[0.0][0][0.0]	[0.0][0][0.0]	[54.892147064208984][7][0.05500006675720215]
[431.38835806399584]	[0.0][0][0.0]	[0.0][0][0.0]	[54.892147064208984][7][0.05500006675720215]
[434.13890815526247]	[0.0][0][0.0]	[0.0][0][0.0]	[54.892147064208984][7][0.05500006675720215]
[436.8894582465291]	[0.0][0][0.0]	[0.0][0][0.0]	[54.892147064208984][7][0.05500006675720215]
[442.39055842906237]	[0.0][0][0.0]	[0.0][0][0.0]	[54.892147064208984][7][0.05500006675720215]
[445.141108520329]	[0.0][0][0.0]	[0.0][0][0.0]	[54.892147064208984][7][0.05500006675720215]
[447.89165861159563]	[0.0][0][0.0]	[0.0][0][0.0]	[54.892147064208984][7][0.05500006675720215]
[450.64220870286226]	[0.0][0][0.0]	[0.0][0][0.0]	[54.892147064208984][7][0.05500006675720215]
[456.2266588881612]	[0.0][0][0.0]	[0.0][0][0.0]	[54.892147064208984][7][0.05500006675720215]
[458.9772089794278]	[0.0][0][0.0]	[0.0][0][0.0]	[54.892147064208984][7][0.05500006675720215]
[461.72775907069445]	[0.0][0][0.0]	[0.0][0][0.0]	[54.892147064208984][7][0.05500006675720215]
[467.2288592532277]	[0.0][0][0.0]	[0.0][0][0.0]	[54.892147064208984][7][0.05500006675720215]
[469.97940934449434]	[0.0][0][0.0]	[0.0][0][0.0]	[54.892147064208984][7][0.05500006675720215]
[475.4805095270276]	[0.0][0][0.0]	[0.0][0][0.0]	[54.892147064208984][8][0.05500006675720215]
[478.3144096210599]	[0.0][0][0.0]	[0.0][0][0.0]	[54.892147064208984][8][0.06300020217895508]
[480.97119095921516]	[0.0][0][0.0]	[0.0][0][0.0]	[54.892147064208984][8][0.06300020217895508]
[486.5556411445141]	[0.0][0][0.0]	[0.0][0][0.0]	[54.892147064208984][8][0.06300020217895508]
[489.21242248266935]	[0.0][0][0.0]	[0.0][0][0.0]	[54.892147064208984][8][0.06300020217895508]
[492.04632257670164]	[0.0][0][0.0]	[0.0][0][0.0]	[54.892147064208984][8][0.06300020217895508]
[494.7031039148569]	[0.0][0][0.0]	[0.0][0][0.0]	[54.892147064208984][8][0.06300020217895508]
[500.19378534704447]	[0.0][0][0.0]	[0.0][0][0.0]	[54.892147064208984][8][0.06300020217895508]
[503.02768544107676]	[0.0][0][0.0]	[0.0][0][0.0]	[54.892147064208984][8][0.06300020217895508]
[508.52878562361]	[0.0][0][0.0]	[0.0][0][0.0]	[54.892147064208984][8][0.06300020217895508]
[511.27933571487665]	[0.0][0][0.0]	[0.0][0][0.0]	[54.892147064208984][8][0.06300020217895508]
[514.1132358089089]	[0.0][0][0.0]	[0.0][0][0.0]	[54.892147064208984][8][0.06300020217895508]
[519.5101484879851]	[0.0][0][0.0]	[0.0][0][0.0]	[54.892147064208984][8][0.06300020217895508]
[522.2606985792518]	[0.0][0][0.0]	[0.0][0][0.0]	[54.892147064208984][8][0.06300020217895508]
[524.917479917407]	[0.0][0][0.0]	[0.0][0][0.0]	[54.892147064208984][8][0.06300020217895508]
[530.4185800999403]	[0.0][0][0.0]	[0.0][0][0.0]	[54.892147064208984][9][0.06500005722045898]
[533.2524801939726]	[0.0][0][0.0]	[0.0][0][0.0]	[54.892147064208984][9][0.0710000991821289]
[536.0030302852392]	[0.0][0][0.0]	[0.0][0][0.0]	[54.892147064208984][9][0.0710000991821289]
[541.4937117174268]	[0.0][0][0.0]	[0.0][0][0.0]	[54.892147064208984][9][0.0710000991821289]
[544.150493055582]	[0.0][0][0.0]	[0.0][0][0.0]	[54.892147064208984][9][0.0710000991821289]
[546.9010431468487]	[0.0][0][0.0]	[0.0][0][0.0]	[54.892147064208984][9][0.0710000991821289]
[552.4854933321476]	[0.0][0][0.0]	[0.0][0][0.0]	[54.892147064208984][9][0.0710000991821289]
[555.1422746703029]	[0.0][0][0.0]	[0.0][0][0.0]	[54.892147064208984][9][0.0710000991821289]
[557.8928247615695]	[0.0][0][0.0]	[0.0][0][0.0]	[54.892147064208984][9][0.0710000991821289]
[560.7267248556018]	[0.0][0][0.0]	[0.0][0][0.0]	[54.892147064208984][9][0.0710000991821289]
[563.4772749468684]	[0.0][0][0.0]	[0.0][0][0.0]	[54.892147064208984][9][0.0710000991821289]
[568.9783751294017]	[0.0][0][0.0]	[0.0][0][0.0]	[54.892147064208984][9][0.0710000991821289]
[571.7289252206683]	[0.0][0][0.0]	[0.0][0][0.0]	[54.892147064208984][9][0.0710000991821289]
[574.479475311935]	[0.0][0][0.0]	[0.0][0][0.0]	[54.892147064208984][9][0.0710000991821289]
[577.2300254032016]	[0.0][0][0.0]	[0.0][0][0.0]	[54.892147064208984][9][0.0710000991821289]
[582.7311255857348]	[0.0][0][0.0]	[0.0][0][0.0]	[54.892147064208984][9][0.0710000991821289]
[585.4816756770015]	[0.0][0][0.0]	[0.0][0][0.0]	[54.892147064208984][10][0.07400012016296387]
[588.2322257682681]	[0.0][0][0.0]	[0.0][0][0.0]	[54.892147064208984][10][0.07899999618530273]
[590.9827758595347]	[0.0][0][0.0]	[0.0][0][0.0]	[54.892147064208984][10][0.07899999618530273]
[596.4734572917223]	[0.0][0][0.0]	[0.0][0][0.0]	[54.892147064208984][10][0.07899999618530273]
[599.2240073829889]	[0.0][0][0.0]	[0.0][0][0.0]	[54.892147064208984][10][0.07899999618530273]
[601.9745574742556]	[0.0][0][0.0]	[0.0][0][0.0]	[54.892147064208984][10][0.07899999618530273]
[607.3818889036775]	[0.0][0][0.0]	[0.0][0][0.0]	[54.892147064208984][10][0.07899999618530273]
[610.1324389949441]	[0.0][0][0.0]	[0.0][0][0.0]	[54.892147064208984][10][0.07899999618530273]
[612.9663390889764]	[0.0][0][0.0]	[0.0][0][0.0]	[54.892147064208984][10][0.07899999618530273]
[615.716889180243]	[0.0][0][0.0]	[0.0][0][0.0]	[54.892147064208984][10][0.07899999618530273]
[621.1242206096649]	[0.0][0][0.0]	[0.0][0][0.0]	[54.892147064208984][10][0.07899999618530273]
[623.9581207036972]	[0.0][0][0.0]	[0.0][0][0.0]	[54.892147064208984][10][0.07899999618530273]
[629.5425708889961]	[0.0][0][0.0]	[0.0][0][0.0]	[54.892147064208984][10][0.07899999618530273]
[632.6577772423625]	[0.0][0][0.0]	[0.0][0][0.0]	[54.892147064208984][10][0.07899999618530273]
[635.4083273336291]	[0.0][0][0.0]	[0.0][0][0.0]	[54.892147064208984][10][0.07899999618530273]
[638.1588774248958]	[0.0][0][0.0]	[0.0][0][0.0]	[54.892147064208984][11][0.07899999618530273]
[643.659977607429]	[0.0][0][0.0]	[0.0][0][0.0]	[54.892147064208984][11][0.08100008964538574]
[646.3167589455843]	[0.0][0][0.0]	[0.0][0][0.0]	[54.892147064208984][11][0.08700013160705566]
[649.1506590396166]	[0.0][0][0.0]	[0.0][0][0.0]	[54.892147064208984][11][0.08700013160705566]
[654.7351092249155]	[0.0][0][0.0]	[0.0][0][0.0]	[54.892147064208984][11][0.08700013160705566]
[657.4856593161821]	[0.0][0][0.0]	[0.0][0][0.0]	[54.892147064208984][11][0.08700013160705566]
[660.3195594102144]	[0.0][0][0.0]	[0.0][0][0.0]	[54.892147064208984][11][0.08700013160705566]
[665.8206595927477]	[0.0][0][0.0]	[0.0][0][0.0]	[54.892147064208984][11][0.08700013160705566]
[668.5712096840143]	[0.0][0][0.0]	[0.0][0][0.0]	[54.892147064208984][11][0.08700013160705566]
[671.321759775281]	[0.0][0][0.0]	[0.0][0][0.0]	[54.892147064208984][11][0.08700013160705566]
[676.9062099605799]	[0.0][0][0.0]	[0.0][0][0.0]	[54.892147064208984][11][0.08700013160705566]
[679.6567600518465]	[0.0][0][0.0]	[0.0][0][0.0]	[54.892147064208984][11][0.08700013160705566]
[682.4073101431131]	[0.0][0][0.0]	[0.0][0][0.0]	[54.892147064208984][11][0.08700013160705566]
[687.814641572535]	[0.0][0][0.0]	[0.0][0][0.0]	[54.892147064208984][11][0.08700013160705566]
[690.5651916638017]	[0.0][0][0.0]	[0.0][0][0.0]	[54.892147064208984][11][0.08700013160705566]
[693.3157417550683]	[0.0][0][0.0]	[0.0][0][0.0]	[54.892147064208984][12][0.08700013160705566]
[698.8168419376016]	[0.0][0][0.0]	[0.0][0][0.0]	[54.892147064208984][12][0.09400010108947754]
[701.5673920288682]	[0.0][0][0.0]	[0.0][0][0.0]	[54.892147064208984][12][0.09500002861022949]
[704.3179421201348]	[0.0][0][0.0]	[0.0][0][0.0]	[54.892147064208984][12][0.09500002861022949]
[709.9023923054338]	[0.0][0][0.0]	[0.0][0][0.0]	[54.892147064208984][12][0.09500002861022949]
[712.559173643589]	[0.0][0][0.0]	[0.0][0][0.0]	[54.892147064208984][12][0.09500002861022949]
[715.3930737376213]	[0.0][0][0.0]	[0.0][0][0.0]	[54.892147064208984][12][0.09500002861022949]
[720.9775239229202]	[0.0][0][0.0]	[0.0][0][0.0]	[54.892147064208984][12][0.09500002861022949]
[723.6343052610755]	[0.0][0][0.0]	[0.0][0][0.0]	[54.892147064208984][12][0.09500002861022949]
[726.2910865992308]	[0.0][0][0.0]	[0.0][0][0.0]	[54.892147064208984][12][0.09500002861022949]
[731.792186781764]	[0.0][0][0.0]	[0.0][0][0.0]	[54.892147064208984][12][0.09500002861022949]
[734.6260868757963]	[0.0][0][0.0]	[0.0][0][0.0]	[54.892147064208984][12][0.09500002861022949]
[737.2828682139516]	[0.0][0][0.0]	[0.0][0][0.0]	[54.892147064208984][12][0.09500002861022949]
[739.9396495521069]	[0.0][0][0.0]	[0.0][0][0.0]	[54.892147064208984][12][0.09500002861022949]
[742.7735496461391]	[0.0][0][0.0]	[0.0][0][0.0]	[54.892147064208984][12][0.09500002861022949]
[748.2746498286724]	[0.0][0][0.0]	[0.0][0][0.0]	[54.892147064208984][12][0.09500002861022949]
[751.025199919939]	[0.0][0][0.0]	[0.0][0][0.0]	[54.892147064208984][13][0.0970001220703125]
[753.7757500112057]	[0.0][0][0.0]	[0.0][0][0.0]	[54.892147064208984][13][0.10100007057189941]
[756.4325313493609]	[0.0][0][0.0]	[0.0][0][0.0]	[54.892147064208984][13][0.10199999809265137]
[759.2664314433932]	[0.0][0][0.0]	[0.0][0][0.0]	[54.892147064208984][13][0.10199999809265137]
[764.7675316259265]	[0.0][0][0.0]	[0.0][0][0.0]	[54.892147064208984][13][0.10199999809265137]
[767.5180817171931]	[0.0][0][0.0]	[0.0][0][0.0]	[54.892147064208984][13][0.10199999809265137]
[770.2686318084598]	[0.0][0][0.0]	[0.0][0][0.0]	[54.892147064208984][13][0.10199999809265137]
[775.8530819937587]	[0.0][0][0.0]	[0.0][0][0.0]	[54.892147064208984][13][0.10199999809265137]
[778.509863331914]	[0.0][0][0.0]	[0.0][0][0.0]	[54.892147064208984][13][0.10199999809265137]
[781.2604134231806]	[0.0][0][0.0]	[0.0][0][0.0]	[54.892147064208984][13][0.10199999809265137]
[786.7615136057138]	[0.0][0][0.0]	[0.0][0][0.0]	[54.892147064208984][13][0.10199999809265137]
[789.4182949438691]	[0.0][0][0.0]	[0.0][0][0.0]	[54.892147064208984][13][0.10199999809265137]
[792.1688450351357]	[0.0][0][0.0]	[0.0][0][0.0]	[54.892147064208984][13][0.10199999809265137]
[795.002745129168]	[0.0][0][0.0]	[0.0][0][0.0]	[54.892147064208984][13][0.10199999809265137]
[800.4100765585899]	[0.0][0][0.0]	[0.0][0][0.0]	[54.892147064208984][13][0.10199999809265137]
[803.3377454057336]	[0.0][0][0.0]	[0.0][0][0.0]	[54.892147064208984][13][0.10199999809265137]
[805.9945267438889]	[0.0][0][0.0]	[0.0][0][0.0]	[54.892147064208984][14][0.10700011253356934]
[808.7450768351555]	[0.0][0][0.0]	[0.0][0][0.0]	[54.892147064208984][14][0.1100001335144043]
[811.4018581733108]	[0.0][0][0.0]	[0.0][0][0.0]	[54.892147064208984][14][0.11100006103515625]
[816.8925396054983]	[0.0][0][0.0]	[0.0][0][0.0]	[54.892147064208984][14][0.11100006103515625]
[819.643089696765]	[0.0][0][0.0]	[0.0][0][0.0]	[54.892147064208984][14][0.11100006103515625]
[822.4769897907972]	[0.0][0][0.0]	[0.0][0][0.0]	[54.892147064208984][14][0.11100006103515625]
[827.8843212202191]	[0.0][0][0.0]	[0.0][0][0.0]	[54.892147064208984][14][0.11100006103515625]
[830.6348713114858]	[0.0][0][0.0]	[0.0][0][0.0]	[54.892147064208984][14][0.11100006103515625]
[836.1255527436733]	[0.0][0][0.0]	[0.0][0][0.0]	[54.892147064208984][14][0.11100006103515625]
[839.3345278501511]	[0.0][0][0.0]	[0.0][0][0.0]	[54.892147064208984][14][0.11100006103515625]
[842.0850779414177]	[0.0][0][0.0]	[0.0][0][0.0]	[54.892147064208984][14][0.11100006103515625]
[844.91897803545]	[0.0][0][0.0]	[0.0][0][0.0]	[54.892147064208984][14][0.11100006103515625]
[850.4096594676375]	[0.0][0][0.0]	[0.0][0][0.0]	[54.892147064208984][14][0.11100006103515625]
[853.1602095589042]	[0.0][0][0.0]	[0.0][0][0.0]	[54.892147064208984][14][0.11100006103515625]
[855.3168908804655]	[0.0][0][0.0]	[0.0][0][0.0]	[54.892147064208984][14][0.11100006103515625]
[857.4006409496069]	[0.0][0][0.0]	[0.0][0][0.0]	[54.892147064208984][15][0.11100006103515625]
[859.7656972780824]	[0.0][0][0.0]	[0.0][0][0.0]	[54.892147064208984][15][0.11300015449523926]
[864.1415724232793]	[0.0][0][0.0]	[0.0][0][0.0]	[54.892147064208984][15][0.11800003051757812]
[865.7043849751353]	[0.0][0][0.0]	[0.0][0][0.0]	[54.892147064208984][15][0.11800003051757812]
[867.2671975269914]	[0.0][0][0.0]	[0.0][0][0.0]	[54.892147064208984][15][0.11800003051757812]
[870.444916382432]	[0.0][0][0.0]	[0.0][0][0.0]	[54.892147064208984][15][0.11800003051757812]
[872.007728934288]	[0.0][0][0.0]	[0.0][0][0.0]	[54.892147064208984][15][0.11800003051757812]
[873.5705414861441]	[0.0][0][0.0]	[0.0][0][0.0]	[54.892147064208984][15][0.11800003051757812]
[876.6961665898561]	[0.0][0][0.0]	[0.0][0][0.0]	[54.892147064208984][15][0.11800003051757812]
[878.2589791417122]	[0.0][0][0.0]	[0.0][0][0.0]	[54.892147064208984][15][0.11800003051757812]
[879.7696979418397]	[0.0][0][0.0]	[0.0][0][0.0]	[54.892147064208984][15][0.11800003051757812]
[882.9474167972803]	[0.0][0][0.0]	[0.0][0][0.0]	[54.892147064208984][15][0.11800003051757812]
[883.9163605794311]	[0.0][0][0.0]	[0.0][0][0.0]	[54.892147064208984][15][0.11800003051757812]
[884.843629360199]	[0.0][0][0.0]	[0.0][0][0.0]	[54.892147064208984][15][0.11800003051757812]
[886.8127731755376]	[0.0][0][0.0]	[0.0][0][0.0]	[54.892147064208984][15][0.11800003051757812]
[887.7400419563055]	[0.0][0][0.0]	[0.0][0][0.0]	[54.892147064208984][15][0.11800003051757812]
[888.7402419894934]	[0.0][0][0.0]	[0.0][0][0.0]	[54.892147064208984][15][0.11800003051757812]
[889.6675107702613]	[0.0][0][0.0]	[0.0][0][0.0]	[54.892147064208984][15][0.11800003051757812]
[891.8241920918226]	[0.0][0][0.0]	[0.0][0][0.0]	[54.892147064208984][15][0.11800003051757812]
[892.7931358739734]	[0.0][0][0.0]	[0.0][0][0.0]	[54.892147064208984][15][0.11800003051757812]
[893.7620796561241]	[0.0][0][0.0]	[0.0][0][0.0]	[54.892147064208984][15][0.11800003051757812]
[895.1060984507203]	[0.0][0][0.0]	[0.0][0][0.0]	[54.892147064208984][15][0.11800003051757812]
[895.4811734631658]	[0.0][0][0.0]	[0.0][0][0.0]	[54.892147064208984][15][0.11800003051757812]
[895.8666672259569]	[0.0][0][0.0]	[0.0][0][0.0]	[54.892147064208984][15][0.11800003051757812]
[896.6376547515392]	[0.0][0][0.0]	[0.0][0][0.0]	[54.892147064208984][15][0.11800003051757812]
[896.9814735129476]	[0.0][0][0.0]	[0.0][0][0.0]	[54.892147064208984][15][0.11800003051757812]
[897.3669672757387]	[0.0][0][0.0]	[0.0][0][0.0]	[54.892147064208984][15][0.11800003051757812]
[897.7212047874928]	[0.0][0][0.0]	[0.0][0][0.0]	[54.892147064208984][15][0.11800003051757812]
[898.460936062038]	[0.0][0][0.0]	[0.0][0][0.0]	[54.892147064208984][15][0.11800003051757812]
[898.8568485751748]	[0.0][0][0.0]	[0.0][0][0.0]	[54.892147064208984][15][0.11800003051757812]
[899.2319235876203]	[0.0][0][0.0]	[0.0][0][0.0]	[54.892147064208984][15][0.11800003051757812]
[899.9612361118197]	[0.0][0][0.0]	[0.0][0][0.0]	[54.892147064208984][15][0.11800003051757812]
[900.3467298746109]	[0.0][0][0.0]	[0.0][0][0.0]	[54.892147064208984][15][0.11800003051757812]
[900.7322236374021]	[0.0][0][0.0]	[0.0][0][0.0]	[54.892147064208984][15][0.11800003051757812]
[900.7322236374021]	[0.0][0][0.0]	[0.0][0][0.0]	[54.892147064208984][15][0.11800003051757812]
[900.7322236374021]	[0.0][0][0.0]	[0.0][0][0.0]	[54.892147064208984][15][0.11800003051757812]
[903.4915735498071]	[0.0][0][0.0]	[0.0][0][0.0]	[54.892147064208984][15][0.11800003051757812]
[909.0102733746171]	[0.0][0][0.0]	[0.0][0][0.0]	[54.892147064208984][15][0.11800003051757812]
[911.7696232870221]	[0.0][0][0.0]	[0.0][0][0.0]	[54.892147064208984][16][0.11900019645690918]
[917.2883231118321]	[0.0][0][0.0]	[0.0][0][0.0]	[54.892147064208984][16][0.127000093460083]
[920.0476730242372]	[0.0][0][0.0]	[0.0][0][0.0]	[54.892147064208984][16][0.127000093460083]
[925.7336061770717]	[0.0][0][0.0]	[0.0][0][0.0]	[54.892147064208984][16][0.127000093460083]
[928.4929560894767]	[0.0][0][0.0]	[0.0][0][0.0]	[54.892147064208984][16][0.127000093460083]
[931.2523060018817]	[0.0][0][0.0]	[0.0][0][0.0]	[54.892147064208984][16][0.127000093460083]
[937.1368287317455]	[0.0][0][0.0]	[0.0][0][0.0]	[54.892147064208984][16][0.127000093460083]
[939.9797953081628]	[0.0][0][0.0]	[0.0][0][0.0]	[54.892147064208984][16][0.127000093460083]
[945.4984951329728]	[0.0][0][0.0]	[0.0][0][0.0]	[54.892147064208984][16][0.127000093460083]
[948.2578450453778]	[0.0][0][0.0]	[0.0][0][0.0]	[54.892147064208984][16][0.127000093460083]
[951.0171949577829]	[0.0][0][0.0]	[0.0][0][0.0]	[54.892147064208984][16][0.127000093460083]
[956.5358947825929]	[0.0][0][0.0]	[0.0][0][0.0]	[54.892147064208984][16][0.127000093460083]
[959.3788613590101]	[0.0][0][0.0]	[0.0][0][0.0]	[54.892147064208984][16][0.127000093460083]
[962.1382112714151]	[0.0][0][0.0]	[0.0][0][0.0]	[54.892147064208984][16][0.127000093460083]
[964.8975611838201]	[0.0][0][0.0]	[0.0][0][0.0]	[54.892147064208984][16][0.127000093460083]
[970.4998776726425]	[0.0][0][0.0]	[0.0][0][0.0]	[54.892147064208984][17][0.127000093460083]
[973.2592275850475]	[0.0][0][0.0]	[0.0][0][0.0]	[54.892147064208984][17][0.13400006294250488]
[978.7779274098575]	[0.0][0][0.0]	[0.0][0][0.0]	[54.892147064208984][17][0.13400006294250488]
[981.6208939862748]	[0.0][0][0.0]	[0.0][0][0.0]	[54.892147064208984][17][0.13400006294250488]
[984.3802438986799]	[0.0][0][0.0]	[0.0][0][0.0]	[54.892147064208984][17][0.13400006294250488]
[989.8989437234899]	[0.0][0][0.0]	[0.0][0][0.0]	[54.892147064208984][17][0.13400006294250488]
[992.6582936358949]	[0.0][0][0.0]	[0.0][0][0.0]	[54.892147064208984][17][0.13400006294250488]
[995.4176435482999]	[0.0][0][0.0]	[0.0][0][0.0]	[54.892147064208984][17][0.13400006294250488]
[998.1769934607049]	[0.0][0][0.0]	[0.0][0][0.0]	[54.892147064208984][17][0.13400006294250488]
[1003.695693285515]	[0.0][0][0.0]	[0.0][0][0.0]	[54.892147064208984][17][0.13400006294250488]
[1006.45504319792]	[0.0][0][0.0]	[0.0][0][0.0]	[54.892147064208984][17][0.13400006294250488]
[1009.214393110325]	[0.0][0][0.0]	[0.0][0][0.0]	[54.892147064208984][17][0.13400006294250488]
[1014.733092935135]	[0.0][0][0.0]	[0.0][0][0.0]	[54.892147064208984][17][0.13400006294250488]
[1017.49244284754]	[0.0][0][0.0]	[0.0][0][0.0]	[54.892147064208984][17][0.13400006294250488]
[1020.251792759945]	[0.0][0][0.0]	[0.0][0][0.0]	[54.892147064208984][17][0.13400006294250488]
[1025.770492584755]	[0.0][0][0.0]	[0.0][0][0.0]	[54.892147064208984][18][0.13900017738342285]
[1028.52984249716]	[0.0][0][0.0]	[0.0][0][0.0]	[54.892147064208984][18][0.1420001983642578]
[1034.04854232197]	[0.0][0][0.0]	[0.0][0][0.0]	[54.892147064208984][18][0.1420001983642578]
[1036.807892234375]	[0.0][0][0.0]	[0.0][0][0.0]	[54.892147064208984][18][0.1420001983642578]
[1039.56724214678]	[0.0][0][0.0]	[0.0][0][0.0]	[54.892147064208984][18][0.1420001983642578]
[1045.08594197159]	[0.0][0][0.0]	[0.0][0][0.0]	[54.892147064208984][18][0.1420001983642578]
[1050.6046417964]	[0.0][0][0.0]	[0.0][0][0.0]	[54.892147064208984][18][0.1420001983642578]
[1053.363991708805]	[0.0][0][0.0]	[0.0][0][0.0]	[54.892147064208984][18][0.1420001983642578]
[1056.12334162121]	[0.0][0][0.0]	[0.0][0][0.0]	[54.892147064208984][18][0.1420001983642578]
[1061.6420414460201]	[0.0][0][0.0]	[0.0][0][0.0]	[54.892147064208984][18][0.1420001983642578]
[1067.1607412708302]	[0.0][0][0.0]	[0.0][0][0.0]	[54.892147064208984][18][0.1420001983642578]
[1069.9200911832352]	[0.0][0][0.0]	[0.0][0][0.0]	[54.892147064208984][18][0.1420001983642578]
[1072.6794410956402]	[0.0][0][0.0]	[0.0][0][0.0]	[54.892147064208984][18][0.1420001983642578]
[1078.1981409204502]	[0.0][0][0.0]	[0.0][0][0.0]	[54.892147064208984][18][0.1420001983642578]
[1080.9574908328552]	[0.0][0][0.0]	[0.0][0][0.0]	[54.892147064208984][19][0.14499998092651367]
[1083.7168407452602]	[0.0][0][0.0]	[0.0][0][0.0]	[54.892147064208984][19][0.15000009536743164]
[1089.2355405700703]	[0.0][0][0.0]	[0.0][0][0.0]	[54.892147064208984][19][0.15000009536743164]
[1092.0785071464877]	[0.0][0][0.0]	[0.0][0][0.0]	[54.892147064208984][19][0.15000009536743164]
[1094.8378570588927]	[0.0][0][0.0]	[0.0][0][0.0]	[54.892147064208984][19][0.15000009536743164]
[1100.3565568837028]	[0.0][0][0.0]	[0.0][0][0.0]	[54.892147064208984][19][0.15000009536743164]
[1103.5757984481752]	[0.0][0][0.0]	[0.0][0][0.0]	[54.892147064208984][19][0.15000009536743164]
[1106.3351483605802]	[0.0][0][0.0]	[0.0][0][0.0]	[54.892147064208984][19][0.15000009536743164]
[1109.0944982729852]	[0.0][0][0.0]	[0.0][0][0.0]	[54.892147064208984][19][0.15000009536743164]
[1114.7908835088213]	[0.0][0][0.0]	[0.0][0][0.0]	[54.892147064208984][19][0.15000009536743164]
[1117.5502334212263]	[0.0][0][0.0]	[0.0][0][0.0]	[54.892147064208984][19][0.15000009536743164]
[1120.3095833336313]	[0.0][0][0.0]	[0.0][0][0.0]	[54.892147064208984][19][0.15000009536743164]
[1125.81783107544]	[0.0][0][0.0]	[0.0][0][0.0]	[54.892147064208984][19][0.15000009536743164]
[1128.577180987845]	[0.0][0][0.0]	[0.0][0][0.0]	[54.892147064208984][19][0.15000009536743164]
[1131.33653090025]	[0.0][0][0.0]	[0.0][0][0.0]	[54.892147064208984][20][0.15000009536743164]
[1136.85523072506]	[0.0][0][0.0]	[0.0][0][0.0]	[54.892147064208984][20][0.15000009536743164]
[1139.614580637465]	[0.0][0][0.0]	[0.0][0][0.0]	[54.892147064208984][20][0.15799999237060547]
[1142.37393054987]	[0.0][0][0.0]	[0.0][0][0.0]	[54.892147064208984][20][0.15799999237060547]
[1147.9762470386922]	[0.0][0][0.0]	[0.0][0][0.0]	[54.892147064208984][20][0.15799999237060547]
[1150.8192136151094]	[0.0][0][0.0]	[0.0][0][0.0]	[54.892147064208984][20][0.15799999237060547]
[1153.5785635275145]	[0.0][0][0.0]	[0.0][0][0.0]	[54.892147064208984][20][0.15799999237060547]
[1159.0972633523245]	[0.0][0][0.0]	[0.0][0][0.0]	[54.892147064208984][20][0.15799999237060547]
[1161.8566132647295]	[0.0][0][0.0]	[0.0][0][0.0]	[54.892147064208984][20][0.15799999237060547]
[1164.6159631771345]	[0.0][0][0.0]	[0.0][0][0.0]	[54.892147064208984][20][0.15799999237060547]
[1170.1346630019445]	[0.0][0][0.0]	[0.0][0][0.0]	[54.892147064208984][20][0.15799999237060547]
[1172.8940129143496]	[0.0][0][0.0]	[0.0][0][0.0]	[54.892147064208984][20][0.15799999237060547]
[1175.6533628267546]	[0.0][0][0.0]	[0.0][0][0.0]	[54.892147064208984][20][0.15799999237060547]
[1178.4127127391596]	[0.0][0][0.0]	[0.0][0][0.0]	[54.892147064208984][20][0.15799999237060547]
[1183.9314125639696]	[0.0][0][0.0]	[0.0][0][0.0]	[54.892147064208984][20][0.15799999237060547]
[1186.6907624763746]	[0.0][0][0.0]	[0.0][0][0.0]	[54.892147064208984][21][0.15799999237060547]
[1189.4501123887796]	[0.0][0][0.0]	[0.0][0][0.0]	[54.892147064208984][21][0.16000008583068848]
[1194.9688122135897]	[0.0][0][0.0]	[0.0][0][0.0]	[54.892147064208984][21][0.1660001277923584]
[1197.7281621259947]	[0.0][0][0.0]	[0.0][0][0.0]	[54.892147064208984][21][0.1660001277923584]
[1203.2468619508047]	[0.0][0][0.0]	[0.0][0][0.0]	[54.892147064208984][21][0.1660001277923584]
[1206.0062118632097]	[0.0][0][0.0]	[0.0][0][0.0]	[54.892147064208984][21][0.1660001277923584]
[1208.7655617756147]	[0.0][0][0.0]	[0.0][0][0.0]	[54.892147064208984][21][0.1660001277923584]
[1214.2842616004248]	[0.0][0][0.0]	[0.0][0][0.0]	[54.892147064208984][21][0.1660001277923584]
[1217.0436115128298]	[0.0][0][0.0]	[0.0][0][0.0]	[54.892147064208984][21][0.1660001277923584]
[1219.8029614252348]	[0.0][0][0.0]	[0.0][0][0.0]	[54.892147064208984][21][0.1660001277923584]
[1225.3216612500448]	[0.0][0][0.0]	[0.0][0][0.0]	[54.892147064208984][21][0.1660001277923584]
[1228.0810111624498]	[0.0][0][0.0]	[0.0][0][0.0]	[54.892147064208984][21][0.1660001277923584]
[1230.8403610748549]	[0.0][0][0.0]	[0.0][0][0.0]	[54.892147064208984][21][0.1660001277923584]
[1236.3590608996649]	[0.0][0][0.0]	[0.0][0][0.0]	[54.892147064208984][21][0.1660001277923584]
[1239.11841081207]	[0.0][0][0.0]	[0.0][0][0.0]	[54.892147064208984][21][0.1660001277923584]
[1241.877760724475]	[0.0][0][0.0]	[0.0][0][0.0]	[54.892147064208984][22][0.1660001277923584]
[1244.63711063688]	[0.0][0][0.0]	[0.0][0][0.0]	[54.892147064208984][22][0.16700005531311035]
[1250.15581046169]	[0.0][0][0.0]	[0.0][0][0.0]	[54.892147064208984][22][0.17200016975402832]
[1252.915160374095]	[0.0][0][0.0]	[0.0][0][0.0]	[54.892147064208984][22][0.17400002479553223]
[1258.433860198905]	[0.0][0][0.0]	[0.0][0][0.0]	[54.892147064208984][22][0.17400002479553223]
[1261.19321011131]	[0.0][0][0.0]	[0.0][0][0.0]	[54.892147064208984][22][0.17400002479553223]
[1263.952560023715]	[0.0][0][0.0]	[0.0][0][0.0]	[54.892147064208984][22][0.17400002479553223]
[1269.5548765125375]	[0.0][0][0.0]	[0.0][0][0.0]	[54.892147064208984][22][0.17400002479553223]
[1272.3142264249425]	[0.0][0][0.0]	[0.0][0][0.0]	[54.892147064208984][22][0.17400002479553223]
[1275.0735763373475]	[0.0][0][0.0]	[0.0][0][0.0]	[54.892147064208984][22][0.17400002479553223]
[1280.9580990672112]	[0.0][0][0.0]	[0.0][0][0.0]	[54.892147064208984][22][0.17400002479553223]
[1283.8951343906422]	[0.0][0][0.0]	[0.0][0][0.0]	[54.892147064208984][22][0.17400002479553223]
[1286.6544843030472]	[0.0][0][0.0]	[0.0][0][0.0]	[54.892147064208984][22][0.17400002479553223]
[1289.4974508794646]	[0.0][0][0.0]	[0.0][0][0.0]	[54.892147064208984][22][0.17400002479553223]
[1295.0161507042747]	[0.0][0][0.0]	[0.0][0][0.0]	[54.892147064208984][22][0.17400002479553223]
[1297.7755006166797]	[0.0][0][0.0]	[0.0][0][0.0]	[54.892147064208984][23][0.17500019073486328]
[1300.5348505290847]	[0.0][0][0.0]	[0.0][0][0.0]	[54.892147064208984][23][0.1790001392364502]
[1306.137167017907]	[0.0][0][0.0]	[0.0][0][0.0]	[54.892147064208984][23][0.18200016021728516]
[1308.896516930312]	[0.0][0][0.0]	[0.0][0][0.0]	[54.892147064208984][23][0.18200016021728516]
[1311.655866842717]	[0.0][0][0.0]	[0.0][0][0.0]	[54.892147064208984][23][0.18200016021728516]
[1317.2581833315392]	[0.0][0][0.0]	[0.0][0][0.0]	[54.892147064208984][23][0.18200016021728516]
[1320.0175332439442]	[0.0][0][0.0]	[0.0][0][0.0]	[54.892147064208984][23][0.18200016021728516]
[1322.7768831563492]	[0.0][0][0.0]	[0.0][0][0.0]	[54.892147064208984][23][0.18200016021728516]
[1325.5362330687542]	[0.0][0][0.0]	[0.0][0][0.0]	[54.892147064208984][23][0.18200016021728516]
[1331.0549328935642]	[0.0][0][0.0]	[0.0][0][0.0]	[54.892147064208984][23][0.18200016021728516]
[1333.8978994699817]	[0.0][0][0.0]	[0.0][0][0.0]	[54.892147064208984][23][0.18200016021728516]
[1336.6572493823867]	[0.0][0][0.0]	[0.0][0][0.0]	[54.892147064208984][23][0.18200016021728516]
[1342.7194575232763]	[0.0][0][0.0]	[0.0][0][0.0]	[54.892147064208984][23][0.18200016021728516]
[1345.4788074356813]	[0.0][0][0.0]	[0.0][0][0.0]	[54.892147064208984][23][0.18200016021728516]
[1348.2381573480864]	[0.0][0][0.0]	[0.0][0][0.0]	[54.892147064208984][23][0.18200016021728516]
[1353.8404738369088]	[0.0][0][0.0]	[0.0][0][0.0]	[54.892147064208984][24][0.18500018119812012]
[1356.5998237493138]	[0.0][0][0.0]	[0.0][0][0.0]	[54.892147064208984][24][0.19000005722045898]
[1359.3591736617188]	[0.0][0][0.0]	[0.0][0][0.0]	[54.892147064208984][24][0.19000005722045898]
[1364.961490150541]	[0.0][0][0.0]	[0.0][0][0.0]	[54.892147064208984][24][0.19000005722045898]
[1367.720840062946]	[0.0][0][0.0]	[0.0][0][0.0]	[54.892147064208984][24][0.19000005722045898]
[1370.480189975351]	[0.0][0][0.0]	[0.0][0][0.0]	[54.892147064208984][24][0.19000005722045898]
[1375.9988898001611]	[0.0][0][0.0]	[0.0][0][0.0]	[54.892147064208984][24][0.19000005722045898]
[1378.7582397125661]	[0.0][0][0.0]	[0.0][0][0.0]	[54.892147064208984][24][0.19000005722045898]
[1381.5175896249712]	[0.0][0][0.0]	[0.0][0][0.0]	[54.892147064208984][24][0.19000005722045898]
[1387.0362894497812]	[0.0][0][0.0]	[0.0][0][0.0]	[54.892147064208984][24][0.19000005722045898]
[1389.7956393621862]	[0.0][0][0.0]	[0.0][0][0.0]	[54.892147064208984][24][0.19000005722045898]
[1392.5549892745912]	[0.0][0][0.0]	[0.0][0][0.0]	[54.892147064208984][24][0.19000005722045898]
[1398.0632370163996]	[0.0][0][0.0]	[0.0][0][0.0]	[54.892147064208984][24][0.19000005722045898]
[1400.8225869288046]	[0.0][0][0.0]	[0.0][0][0.0]	[54.892147064208984][24][0.19000005722045898]
[1403.5819368412097]	[0.0][0][0.0]	[0.0][0][0.0]	[54.892147064208984][24][0.19000005722045898]
[1406.3412867536147]	[0.0][0][0.0]	[0.0][0][0.0]	[54.892147064208984][25][0.19000005722045898]
[1411.9436032424371]	[0.0][0][0.0]	[0.0][0][0.0]	[54.892147064208984][25][0.1940000057220459]
[1414.7029531548421]	[0.0][0][0.0]	[0.0][0][0.0]	[54.892147064208984][25][0.19800019264221191]
[1420.2216529796522]	[0.0][0][0.0]	[0.0][0][0.0]	[54.892147064208984][25][0.19800019264221191]
[1422.9810028920572]	[0.0][0][0.0]	[0.0][0][0.0]	[54.892147064208984][25][0.19800019264221191]
[1425.7403528044622]	[0.0][0][0.0]	[0.0][0][0.0]	[54.892147064208984][25][0.19800019264221191]
[1431.2590526292722]	[0.0][0][0.0]	[0.0][0][0.0]	[54.892147064208984][25][0.19800019264221191]
[1434.0184025416772]	[0.0][0][0.0]	[0.0][0][0.0]	[54.892147064208984][25][0.19800019264221191]
[1439.5371023664873]	[0.0][0][0.0]	[0.0][0][0.0]	[54.892147064208984][25][0.19800019264221191]
[1442.2964522788923]	[0.0][0][0.0]	[0.0][0][0.0]	[54.892147064208984][25][0.19800019264221191]
[1447.8151521037023]	[0.0][0][0.0]	[0.0][0][0.0]	[54.892147064208984][25][0.19800019264221191]
[1450.6581186801195]	[0.0][0][0.0]	[0.0][0][0.0]	[54.892147064208984][25][0.19800019264221191]
[1453.4174685925245]	[0.0][0][0.0]	[0.0][0][0.0]	[54.892147064208984][25][0.19800019264221191]
[1459.3960600694022]	[0.0][0][0.0]	[0.0][0][0.0]	[54.892147064208984][25][0.19800019264221191]
[1462.2390266458194]	[0.0][0][0.0]	[0.0][0][0.0]	[54.892147064208984][26][0.19800019264221191]
[1467.7577264706294]	[0.0][0][0.0]	[0.0][0][0.0]	[54.892147064208984][26][0.2050001621246338]
[1470.5170763830345]	[0.0][0][0.0]	[0.0][0][0.0]	[54.892147064208984][26][0.20600008964538574]
[1473.2764262954395]	[0.0][0][0.0]	[0.0][0][0.0]	[54.892147064208984][26][0.20600008964538574]
[1478.7951261202495]	[0.0][0][0.0]	[0.0][0][0.0]	[54.892147064208984][26][0.20600008964538574]
[1481.5544760326545]	[0.0][0][0.0]	[0.0][0][0.0]	[54.892147064208984][26][0.20600008964538574]
[1484.3138259450595]	[0.0][0][0.0]	[0.0][0][0.0]	[54.892147064208984][26][0.20600008964538574]
[1489.8325257698696]	[0.0][0][0.0]	[0.0][0][0.0]	[54.892147064208984][26][0.20600008964538574]
[1492.5918756822746]	[0.0][0][0.0]	[0.0][0][0.0]	[54.892147064208984][26][0.20600008964538574]
[1495.4348422586918]	[0.0][0][0.0]	[0.0][0][0.0]	[54.892147064208984][26][0.20600008964538574]
[1500.9535420835018]	[0.0][0][0.0]	[0.0][0][0.0]	[54.892147064208984][26][0.20600008964538574]
[1503.7128919959068]	[0.0][0][0.0]	[0.0][0][0.0]	[54.892147064208984][26][0.20600008964538574]
[1506.4722419083118]	[0.0][0][0.0]	[0.0][0][0.0]	[54.892147064208984][26][0.20600008964538574]
[1512.0745583971343]	[0.0][0][0.0]	[0.0][0][0.0]	[54.892147064208984][26][0.20600008964538574]
[1514.8339083095393]	[0.0][0][0.0]	[0.0][0][0.0]	[54.892147064208984][26][0.20600008964538574]
[1517.5932582219443]	[0.0][0][0.0]	[0.0][0][0.0]	[54.892147064208984][27][0.20600008964538574]
[1523.1119580467544]	[0.0][0][0.0]	[0.0][0][0.0]	[54.892147064208984][27][0.21300005912780762]
[1525.8713079591594]	[0.0][0][0.0]	[0.0][0][0.0]	[54.892147064208984][27][0.21300005912780762]
[1528.6306578715644]	[0.0][0][0.0]	[0.0][0][0.0]	[54.892147064208984][27][0.21300005912780762]
[1534.1493576963744]	[0.0][0][0.0]	[0.0][0][0.0]	[54.892147064208984][27][0.21300005912780762]
[1536.9087076087794]	[0.0][0][0.0]	[0.0][0][0.0]	[54.892147064208984][27][0.21300005912780762]
[1539.6680575211844]	[0.0][0][0.0]	[0.0][0][0.0]	[54.892147064208984][27][0.21300005912780762]
[1545.1867573459945]	[0.0][0][0.0]	[0.0][0][0.0]	[54.892147064208984][27][0.21300005912780762]
[1547.9461072583995]	[0.0][0][0.0]	[0.0][0][0.0]	[54.892147064208984][27][0.21300005912780762]
[1550.7054571708045]	[0.0][0][0.0]	[0.0][0][0.0]	[54.892147064208984][27][0.21300005912780762]
[1556.1300882486007]	[0.0][0][0.0]	[0.0][0][0.0]	[54.892147064208984][27][0.21300005912780762]
[1558.8894381610057]	[0.0][0][0.0]	[0.0][0][0.0]	[54.892147064208984][27][0.21300005912780762]
[1561.6487880734107]	[0.0][0][0.0]	[0.0][0][0.0]	[54.892147064208984][27][0.21300005912780762]
[1567.1674878982208]	[0.0][0][0.0]	[0.0][0][0.0]	[54.892147064208984][27][0.21300005912780762]
[1569.9268378106258]	[0.0][0][0.0]	[0.0][0][0.0]	[54.892147064208984][27][0.21300005912780762]
[1572.6861877230308]	[0.0][0][0.0]	[0.0][0][0.0]	[54.892147064208984][28][0.21800017356872559]
[1575.4455376354358]	[0.0][0][0.0]	[0.0][0][0.0]	[54.892147064208984][28][0.2200000286102295]
[1578.2048875478408]	[0.0][0][0.0]	[0.0][0][0.0]	[54.892147064208984][28][0.22100019454956055]
[1583.7235873726509]	[0.0][0][0.0]	[0.0][0][0.0]	[54.892147064208984][28][0.22100019454956055]
[1586.4829372850559]	[0.0][0][0.0]	[0.0][0][0.0]	[54.892147064208984][28][0.22100019454956055]
[1589.2422871974609]	[0.0][0][0.0]	[0.0][0][0.0]	[54.892147064208984][28][0.22100019454956055]
[1592.001637109866]	[0.0][0][0.0]	[0.0][0][0.0]	[54.892147064208984][28][0.22100019454956055]
[1597.520336934676]	[0.0][0][0.0]	[0.0][0][0.0]	[54.892147064208984][28][0.22100019454956055]
[1600.279686847081]	[0.0][0][0.0]	[0.0][0][0.0]	[54.892147064208984][28][0.22100019454956055]
[1605.798386671891]	[0.0][0][0.0]	[0.0][0][0.0]	[54.892147064208984][28][0.22100019454956055]
[1608.557736584296]	[0.0][0][0.0]	[0.0][0][0.0]	[54.892147064208984][28][0.22100019454956055]
[1611.4007031607132]	[0.0][0][0.0]	[0.0][0][0.0]	[54.892147064208984][28][0.22100019454956055]
[1616.9194029855232]	[0.0][0][0.0]	[0.0][0][0.0]	[54.892147064208984][28][0.22100019454956055]
[1619.6787528979282]	[0.0][0][0.0]	[0.0][0][0.0]	[54.892147064208984][28][0.22100019454956055]
[1622.4381028103332]	[0.0][0][0.0]	[0.0][0][0.0]	[54.892147064208984][28][0.22100019454956055]
[1627.9568026351433]	[0.0][0][0.0]	[0.0][0][0.0]	[54.892147064208984][29][0.22500014305114746]
[1630.7997692115605]	[0.0][0][0.0]	[0.0][0][0.0]	[54.892147064208984][29][0.22900009155273438]
[1633.5591191239655]	[0.0][0][0.0]	[0.0][0][0.0]	[54.892147064208984][29][0.22900009155273438]
[1639.5377106008432]	[0.0][0][0.0]	[0.0][0][0.0]	[54.892147064208984][29][0.22900009155273438]
[1642.3806771772604]	[0.0][0][0.0]	[0.0][0][0.0]	[54.892147064208984][29][0.22900009155273438]
[1647.9829936660826]	[0.0][0][0.0]	[0.0][0][0.0]	[54.892147064208984][29][0.22900009155273438]
[1650.7423435784876]	[0.0][0][0.0]	[0.0][0][0.0]	[54.892147064208984][29][0.22900009155273438]
[1653.5016934908926]	[0.0][0][0.0]	[0.0][0][0.0]	[54.892147064208984][29][0.22900009155273438]
[1656.2610434032977]	[0.0][0][0.0]	[0.0][0][0.0]	[54.892147064208984][29][0.22900009155273438]
[1661.957428639134]	[0.0][0][0.0]	[0.0][0][0.0]	[54.892147064208984][29][0.22900009155273438]
[1664.8003952155511]	[0.0][0][0.0]	[0.0][0][0.0]	[54.892147064208984][29][0.22900009155273438]
[1668.0196367800236]	[0.0][0][0.0]	[0.0][0][0.0]	[54.892147064208984][29][0.22900009155273438]
[1673.621953268846]	[0.0][0][0.0]	[0.0][0][0.0]	[54.892147064208984][29][0.22900009155273438]
[1676.381303181251]	[0.0][0][0.0]	[0.0][0][0.0]	[54.892147064208984][29][0.22900009155273438]
[1679.140653093656]	[0.0][0][0.0]	[0.0][0][0.0]	[54.892147064208984][29][0.22900009155273438]
[1681.900003006061]	[0.0][0][0.0]	[0.0][0][0.0]	[54.892147064208984][30][0.22900009155273438]
[1687.5023194948833]	[0.0][0][0.0]	[0.0][0][0.0]	[54.892147064208984][30][0.23000001907348633]
[1690.3452860713005]	[0.0][0][0.0]	[0.0][0][0.0]	[54.892147064208984][30][0.2369999885559082]
[1695.8639858961105]	[0.0][0][0.0]	[0.0][0][0.0]	[54.892147064208984][30][0.2369999885559082]
[1698.6233358085155]	[0.0][0][0.0]	[0.0][0][0.0]	[54.892147064208984][30][0.2369999885559082]
[1701.3826857209206]	[0.0][0][0.0]	[0.0][0][0.0]	[54.892147064208984][30][0.2369999885559082]
[1707.0686188737552]	[0.0][0][0.0]	[0.0][0][0.0]	[54.892147064208984][30][0.2369999885559082]
[1710.1937916912138]	[0.0][0][0.0]	[0.0][0][0.0]	[54.892147064208984][30][0.2369999885559082]
[1712.9531416036189]	[0.0][0][0.0]	[0.0][0][0.0]	[54.892147064208984][30][0.2369999885559082]
[1715.89017692705]	[0.0][0][0.0]	[0.0][0][0.0]	[54.892147064208984][30][0.2369999885559082]
[1721.4088767518601]	[0.0][0][0.0]	[0.0][0][0.0]	[54.892147064208984][30][0.2369999885559082]
[1724.1682266642651]	[0.0][0][0.0]	[0.0][0][0.0]	[54.892147064208984][30][0.2369999885559082]
[1726.9275765766702]	[0.0][0][0.0]	[0.0][0][0.0]	[54.892147064208984][30][0.2369999885559082]
[1732.4462764014802]	[0.0][0][0.0]	[0.0][0][0.0]	[54.892147064208984][30][0.2369999885559082]
[1735.2056263138852]	[0.0][0][0.0]	[0.0][0][0.0]	[54.892147064208984][30][0.2369999885559082]
[1738.0485928903024]	[0.0][0][0.0]	[0.0][0][0.0]	[54.892147064208984][31][0.24000000953674316]
[1743.6509093791246]	[0.0][0][0.0]	[0.0][0][0.0]	[54.892147064208984][31][0.24500012397766113]
[1746.4102592915297]	[0.0][0][0.0]	[0.0][0][0.0]	[54.892147064208984][31][0.24500012397766113]
[1749.1696092039347]	[0.0][0][0.0]	[0.0][0][0.0]	[54.892147064208984][31][0.24500012397766113]
[1754.7719256927571]	[0.0][0][0.0]	[0.0][0][0.0]	[54.892147064208984][31][0.24500012397766113]
[1757.5312756051621]	[0.0][0][0.0]	[0.0][0][0.0]	[54.892147064208984][31][0.24500012397766113]
[1760.2906255175672]	[0.0][0][0.0]	[0.0][0][0.0]	[54.892147064208984][31][0.24500012397766113]
[1765.8093253423772]	[0.0][0][0.0]	[0.0][0][0.0]	[54.892147064208984][31][0.24500012397766113]
[1768.5686752547822]	[0.0][0][0.0]	[0.0][0][0.0]	[54.892147064208984][31][0.24500012397766113]
[1771.3280251671872]	[0.0][0][0.0]	[0.0][0][0.0]	[54.892147064208984][31][0.24500012397766113]
[1776.8467249919972]	[0.0][0][0.0]	[0.0][0][0.0]	[54.892147064208984][31][0.24500012397766113]
[1779.6060749044022]	[0.0][0][0.0]	[0.0][0][0.0]	[54.892147064208984][31][0.24500012397766113]
[1782.3654248168073]	[0.0][0][0.0]	[0.0][0][0.0]	[54.892147064208984][31][0.24500012397766113]
[1787.9677413056295]	[0.0][0][0.0]	[0.0][0][0.0]	[54.892147064208984][31][0.24500012397766113]
[1791.0929141230881]	[0.0][0][0.0]	[0.0][0][0.0]	[54.892147064208984][31][0.24500012397766113]
[1793.8522640354931]	[0.0][0][0.0]	[0.0][0][0.0]	[54.892147064208984][32][0.24900007247924805]
[1796.6952306119106]	[0.0][0][0.0]	[0.0][0][0.0]	[54.892147064208984][32][0.25300002098083496]
[1802.2975471007328]	[0.0][0][0.0]	[0.0][0][0.0]	[54.892147064208984][32][0.25300002098083496]
[1805.0568970131378]	[0.0][0][0.0]	[0.0][0][0.0]	[54.892147064208984][32][0.25300002098083496]
[1807.8162469255428]	[0.0][0][0.0]	[0.0][0][0.0]	[54.892147064208984][32][0.25300002098083496]
[1813.3349467503529]	[0.0][0][0.0]	[0.0][0][0.0]	[54.892147064208984][32][0.25300002098083496]
[1816.0942966627579]	[0.0][0][0.0]	[0.0][0][0.0]	[54.892147064208984][32][0.25300002098083496]
[1818.8536465751629]	[0.0][0][0.0]	[0.0][0][0.0]	[54.892147064208984][32][0.25300002098083496]
[1821.612996487568]	[0.0][0][0.0]	[0.0][0][0.0]	[54.892147064208984][32][0.25300002098083496]
[1827.131696312378]	[0.0][0][0.0]	[0.0][0][0.0]	[54.892147064208984][32][0.25300002098083496]
[1829.891046224783]	[0.0][0][0.0]	[0.0][0][0.0]	[54.892147064208984][32][0.25300002098083496]
[1835.409746049593]	[0.0][0][0.0]	[0.0][0][0.0]	[54.892147064208984][32][0.25300002098083496]
[1838.169095961998]	[0.0][0][0.0]	[0.0][0][0.0]	[54.892147064208984][32][0.25300002098083496]
[1840.928445874403]	[0.0][0][0.0]	[0.0][0][0.0]	[54.892147064208984][32][0.25300002098083496]
[1846.5307623632252]	[0.0][0][0.0]	[0.0][0][0.0]	[54.892147064208984][32][0.25300002098083496]
[1852.0494621880352]	[0.0][0][0.0]	[0.0][0][0.0]	[54.892147064208984][33][0.254000186920166]
[1854.8088121004403]	[0.0][0][0.0]	[0.0][0][0.0]	[54.892147064208984][33][0.2610001564025879]
[1857.5681620128453]	[0.0][0][0.0]	[0.0][0][0.0]	[54.892147064208984][33][0.2610001564025879]
[1863.0868618376553]	[0.0][0][0.0]	[0.0][0][0.0]	[54.892147064208984][33][0.2610001564025879]
[1865.8462117500603]	[0.0][0][0.0]	[0.0][0][0.0]	[54.892147064208984][33][0.2610001564025879]
[1868.6055616624653]	[0.0][0][0.0]	[0.0][0][0.0]	[54.892147064208984][33][0.2610001564025879]
[1874.2078781512878]	[0.0][0][0.0]	[0.0][0][0.0]	[54.892147064208984][33][0.2610001564025879]
[1876.9672280636928]	[0.0][0][0.0]	[0.0][0][0.0]	[54.892147064208984][33][0.2610001564025879]
[1879.7265779760978]	[0.0][0][0.0]	[0.0][0][0.0]	[54.892147064208984][33][0.2610001564025879]
[1885.2452778009078]	[0.0][0][0.0]	[0.0][0][0.0]	[54.892147064208984][33][0.2610001564025879]
[1888.0046277133129]	[0.0][0][0.0]	[0.0][0][0.0]	[54.892147064208984][33][0.2610001564025879]
[1890.7639776257179]	[0.0][0][0.0]	[0.0][0][0.0]	[54.892147064208984][33][0.2610001564025879]
[1893.5233275381229]	[0.0][0][0.0]	[0.0][0][0.0]	[54.892147064208984][33][0.2610001564025879]
[1899.042027362933]	[0.0][0][0.0]	[0.0][0][0.0]	[54.892147064208984][33][0.2610001564025879]
[1901.801377275338]	[0.0][0][0.0]	[0.0][0][0.0]	[54.892147064208984][34][0.26400017738342285]
[1907.4036937641602]	[0.0][0][0.0]	[0.0][0][0.0]	[54.892147064208984][34][0.2690000534057617]
[1910.6229353286326]	[0.0][0][0.0]	[0.0][0][0.0]	[54.892147064208984][34][0.2690000534057617]
[1913.2882164940238]	[0.0][0][0.0]	[0.0][0][0.0]	[54.892147064208984][34][0.2690000534057617]
[1916.1311830704412]	[0.0][0][0.0]	[0.0][0][0.0]	[54.892147064208984][34][0.2690000534057617]
[1921.7334995592635]	[0.0][0][0.0]	[0.0][0][0.0]	[54.892147064208984][34][0.2690000534057617]
[1924.4928494716685]	[0.0][0][0.0]	[0.0][0][0.0]	[54.892147064208984][34][0.2690000534057617]
[1930.0115492964785]	[0.0][0][0.0]	[0.0][0][0.0]	[54.892147064208984][34][0.2690000534057617]
[1932.7708992088835]	[0.0][0][0.0]	[0.0][0][0.0]	[54.892147064208984][34][0.2690000534057617]
[1935.5302491212885]	[0.0][0][0.0]	[0.0][0][0.0]	[54.892147064208984][34][0.2690000534057617]
[1938.2895990336935]	[0.0][0][0.0]	[0.0][0][0.0]	[54.892147064208984][34][0.2690000534057617]
[1943.9859842695296]	[0.0][0][0.0]	[0.0][0][0.0]	[54.892147064208984][34][0.2690000534057617]
[1946.7453341819346]	[0.0][0][0.0]	[0.0][0][0.0]	[54.892147064208984][34][0.2690000534057617]
[1949.5046840943396]	[0.0][0][0.0]	[0.0][0][0.0]	[54.892147064208984][34][0.2690000534057617]
[1952.2640340067446]	[0.0][0][0.0]	[0.0][0][0.0]	[54.892147064208984][34][0.2690000534057617]
[1957.7827338315547]	[0.0][0][0.0]	[0.0][0][0.0]	[54.892147064208984][35][0.2690000534057617]
[1960.5420837439597]	[0.0][0][0.0]	[0.0][0][0.0]	[54.892147064208984][35][0.2760000228881836]
[1966.0607835687697]	[0.0][0][0.0]	[0.0][0][0.0]	[54.892147064208984][35][0.27700018882751465]
[1968.903750145187]	[0.0][0][0.0]	[0.0][0][0.0]	[54.892147064208984][35][0.27700018882751465]
[1971.663100057592]	[0.0][0][0.0]	[0.0][0][0.0]	[54.892147064208984][35][0.27700018882751465]
[1977.2654165464144]	[0.0][0][0.0]	[0.0][0][0.0]	[54.892147064208984][35][0.27700018882751465]
[1980.4846581108868]	[0.0][0][0.0]	[0.0][0][0.0]	[54.892147064208984][35][0.27700018882751465]
[1983.327624687304]	[0.0][0][0.0]	[0.0][0][0.0]	[54.892147064208984][35][0.27700018882751465]
[1986.086974599709]	[0.0][0][0.0]	[0.0][0][0.0]	[54.892147064208984][35][0.27700018882751465]
[1991.605674424519]	[0.0][0][0.0]	[0.0][0][0.0]	[54.892147064208984][35][0.27700018882751465]
[1994.365024336924]	[0.0][0][0.0]	[0.0][0][0.0]	[54.892147064208984][35][0.27700018882751465]
[1997.124374249329]	[0.0][0][0.0]	[0.0][0][0.0]	[54.892147064208984][35][0.27700018882751465]
[2002.6430740741391]	[0.0][0][0.0]	[0.0][0][0.0]	[54.892147064208984][35][0.27700018882751465]
[2005.4024239865441]	[0.0][0][0.0]	[0.0][0][0.0]	[54.892147064208984][35][0.27700018882751465]
[2008.1617738989491]	[0.0][0][0.0]	[0.0][0][0.0]	[54.892147064208984][35][0.27700018882751465]
[2013.7640903877716]	[0.0][0][0.0]	[0.0][0][0.0]	[54.892147064208984][36][0.27700018882751465]
[2019.2827902125816]	[0.0][0][0.0]	[0.0][0][0.0]	[54.892147064208984][36][0.2850000858306885]
[2022.0421401249866]	[0.0][0][0.0]	[0.0][0][0.0]	[54.892147064208984][36][0.2850000858306885]
[2024.8014900373917]	[0.0][0][0.0]	[0.0][0][0.0]	[54.892147064208984][36][0.2850000858306885]
[2030.4038065262139]	[0.0][0][0.0]	[0.0][0][0.0]	[54.892147064208984][36][0.2850000858306885]
[2033.163156438619]	[0.0][0][0.0]	[0.0][0][0.0]	[54.892147064208984][36][0.2850000858306885]
[2038.681856263429]	[0.0][0][0.0]	[0.0][0][0.0]	[54.892147064208984][36][0.2850000858306885]
[2041.441206175834]	[0.0][0][0.0]	[0.0][0][0.0]	[54.892147064208984][36][0.2850000858306885]
[2047.0435226646562]	[0.0][0][0.0]	[0.0][0][0.0]	[54.892147064208984][36][0.2850000858306885]
[2049.8028725770614]	[0.0][0][0.0]	[0.0][0][0.0]	[54.892147064208984][36][0.2850000858306885]
[2052.5622224894664]	[0.0][0][0.0]	[0.0][0][0.0]	[54.892147064208984][36][0.2850000858306885]
[2058.0809223142764]	[0.0][0][0.0]	[0.0][0][0.0]	[54.892147064208984][36][0.2850000858306885]
[2060.8402722266815]	[0.0][0][0.0]	[0.0][0][0.0]	[54.892147064208984][36][0.2850000858306885]
[2063.5996221390865]	[0.0][0][0.0]	[0.0][0][0.0]	[54.892147064208984][36][0.2850000858306885]
[2069.1183219638965]	[0.0][0][0.0]	[0.0][0][0.0]	[54.892147064208984][37][0.2850000858306885]
[2071.8776718763015]	[0.0][0][0.0]	[0.0][0][0.0]	[54.892147064208984][37][0.2910001277923584]
[2077.3963717011115]	[0.0][0][0.0]	[0.0][0][0.0]	[54.892147064208984][37][0.2929999828338623]
[2080.1557216135166]	[0.0][0][0.0]	[0.0][0][0.0]	[54.892147064208984][37][0.2929999828338623]
[2085.6744214383266]	[0.0][0][0.0]	[0.0][0][0.0]	[54.892147064208984][37][0.2929999828338623]
[2091.1931212631366]	[0.0][0][0.0]	[0.0][0][0.0]	[54.892147064208984][37][0.2929999828338623]
[2093.9524711755416]	[0.0][0][0.0]	[0.0][0][0.0]	[54.892147064208984][37][0.2929999828338623]
[2096.7118210879466]	[0.0][0][0.0]	[0.0][0][0.0]	[54.892147064208984][37][0.2929999828338623]
[2102.2305209127567]	[0.0][0][0.0]	[0.0][0][0.0]	[54.892147064208984][37][0.2929999828338623]
[2104.9898708251617]	[0.0][0][0.0]	[0.0][0][0.0]	[54.892147064208984][37][0.2929999828338623]
[2107.7492207375667]	[0.0][0][0.0]	[0.0][0][0.0]	[54.892147064208984][37][0.2929999828338623]
[2113.2679205623767]	[0.0][0][0.0]	[0.0][0][0.0]	[54.892147064208984][37][0.2929999828338623]
[2116.0272704747817]	[0.0][0][0.0]	[0.0][0][0.0]	[54.892147064208984][37][0.2929999828338623]
[2118.7866203871868]	[0.0][0][0.0]	[0.0][0][0.0]	[54.892147064208984][38][0.2929999828338623]
[2124.388936876009]	[0.0][0][0.0]	[0.0][0][0.0]	[54.892147064208984][38][0.3000001907348633]
[2127.5141096934676]	[0.0][0][0.0]	[0.0][0][0.0]	[54.892147064208984][38][0.3000001907348633]
[2133.11642618229]	[0.0][0][0.0]	[0.0][0][0.0]	[54.892147064208984][38][0.3000001907348633]
[2135.9593927587075]	[0.0][0][0.0]	[0.0][0][0.0]	[54.892147064208984][38][0.3000001907348633]
[2138.7187426711125]	[0.0][0][0.0]	[0.0][0][0.0]	[54.892147064208984][38][0.3000001907348633]
[2144.2374424959226]	[0.0][0][0.0]	[0.0][0][0.0]	[54.892147064208984][38][0.3000001907348633]
[2146.9967924083276]	[0.0][0][0.0]	[0.0][0][0.0]	[54.892147064208984][38][0.3000001907348633]
[2149.7561423207326]	[0.0][0][0.0]	[0.0][0][0.0]	[54.892147064208984][38][0.3000001907348633]
[2155.3584588095546]	[0.0][0][0.0]	[0.0][0][0.0]	[54.892147064208984][38][0.3000001907348633]
[2158.023739974946]	[0.0][0][0.0]	[0.0][0][0.0]	[54.892147064208984][38][0.3000001907348633]
[2163.542439799756]	[0.0][0][0.0]	[0.0][0][0.0]	[54.892147064208984][38][0.3000001907348633]
[2166.3854063761733]	[0.0][0][0.0]	[0.0][0][0.0]	[54.892147064208984][38][0.3000001907348633]
[2169.1447562885783]	[0.0][0][0.0]	[0.0][0][0.0]	[54.892147064208984][38][0.3000001907348633]
[2174.6634561133883]	[0.0][0][0.0]	[0.0][0][0.0]	[54.892147064208984][38][0.3020000457763672]
[2177.4228060257933]	[0.0][0][0.0]	[0.0][0][0.0]	[54.892147064208984][39][0.3059999942779541]
[2180.1821559381983]	[0.0][0][0.0]	[0.0][0][0.0]	[54.892147064208984][39][0.30900001525878906]
[2185.7008557630083]	[0.0][0][0.0]	[0.0][0][0.0]	[54.892147064208984][39][0.30900001525878906]
[2188.4602056754134]	[0.0][0][0.0]	[0.0][0][0.0]	[54.892147064208984][39][0.30900001525878906]
[2191.2195555878184]	[0.0][0][0.0]	[0.0][0][0.0]	[54.892147064208984][39][0.30900001525878906]
[2196.7382554126284]	[0.0][0][0.0]	[0.0][0][0.0]	[54.892147064208984][39][0.30900001525878906]
[2199.4976053250334]	[0.0][0][0.0]	[0.0][0][0.0]	[54.892147064208984][39][0.30900001525878906]
[2205.0163051498434]	[0.0][0][0.0]	[0.0][0][0.0]	[54.892147064208984][39][0.30900001525878906]
[2207.859271726261]	[0.0][0][0.0]	[0.0][0][0.0]	[54.892147064208984][39][0.30900001525878906]
[2210.702238302678]	[0.0][0][0.0]	[0.0][0][0.0]	[54.892147064208984][39][0.30900001525878906]
[2216.220938127488]	[0.0][0][0.0]	[0.0][0][0.0]	[54.892147064208984][39][0.30900001525878906]
[2218.980288039893]	[0.0][0][0.0]	[0.0][0][0.0]	[54.892147064208984][39][0.30900001525878906]
[2221.739637952298]	[0.0][0][0.0]	[0.0][0][0.0]	[54.892147064208984][39][0.30900001525878906]
[2227.258337777108]	[0.0][0][0.0]	[0.0][0][0.0]	[54.892147064208984][39][0.30900001525878906]
[2230.1013043535254]	[0.0][0][0.0]	[0.0][0][0.0]	[54.892147064208984][39][0.30900001525878906]
[2232.8606542659304]	[0.0][0][0.0]	[0.0][0][0.0]	[54.892147064208984][40][0.31100010871887207]
[2235.6200041783354]	[0.0][0][0.0]	[0.0][0][0.0]	[54.892147064208984][40][0.317000150680542]
[2238.3793540907404]	[0.0][0][0.0]	[0.0][0][0.0]	[54.892147064208984][40][0.317000150680542]
[2244.357945567618]	[0.0][0][0.0]	[0.0][0][0.0]	[54.892147064208984][40][0.317000150680542]
[2247.117295480023]	[0.0][0][0.0]	[0.0][0][0.0]	[54.892147064208984][40][0.317000150680542]
[2252.813680715859]	[0.0][0][0.0]	[0.0][0][0.0]	[54.892147064208984][40][0.317000150680542]
[2255.573030628264]	[0.0][0][0.0]	[0.0][0][0.0]	[54.892147064208984][40][0.317000150680542]
[2258.332380540669]	[0.0][0][0.0]	[0.0][0][0.0]	[54.892147064208984][40][0.317000150680542]
[2263.851080365479]	[0.0][0][0.0]	[0.0][0][0.0]	[54.892147064208984][40][0.317000150680542]
[2266.610430277884]	[0.0][0][0.0]	[0.0][0][0.0]	[54.892147064208984][40][0.317000150680542]
[2272.2127467667065]	[0.0][0][0.0]	[0.0][0][0.0]	[54.892147064208984][40][0.317000150680542]
[2274.9720966791115]	[0.0][0][0.0]	[0.0][0][0.0]	[54.892147064208984][40][0.317000150680542]
[2277.7314465915165]	[0.0][0][0.0]	[0.0][0][0.0]	[54.892147064208984][40][0.317000150680542]
[2283.2501464163265]	[0.0][0][0.0]	[0.0][0][0.0]	[54.892147064208984][40][0.317000150680542]
[2286.0094963287315]	[0.0][0][0.0]	[0.0][0][0.0]	[54.892147064208984][41][0.32000017166137695]
[2291.5281961535416]	[0.0][0][0.0]	[0.0][0][0.0]	[54.892147064208984][41][0.3250000476837158]
[2294.2875460659466]	[0.0][0][0.0]	[0.0][0][0.0]	[54.892147064208984][41][0.3250000476837158]
[2297.0468959783516]	[0.0][0][0.0]	[0.0][0][0.0]	[54.892147064208984][41][0.3250000476837158]
[2302.5655958031616]	[0.0][0][0.0]	[0.0][0][0.0]	[54.892147064208984][41][0.3250000476837158]
[2305.3249457155666]	[0.0][0][0.0]	[0.0][0][0.0]	[54.892147064208984][41][0.3250000476837158]
[2308.0842956279716]	[0.0][0][0.0]	[0.0][0][0.0]	[54.892147064208984][41][0.3250000476837158]
[2313.686612116794]	[0.0][0][0.0]	[0.0][0][0.0]	[54.892147064208984][41][0.3250000476837158]
[2316.445962029199]	[0.0][0][0.0]	[0.0][0][0.0]	[54.892147064208984][41][0.3250000476837158]
[2319.205311941604]	[0.0][0][0.0]	[0.0][0][0.0]	[54.892147064208984][41][0.3250000476837158]
[2324.724011766414]	[0.0][0][0.0]	[0.0][0][0.0]	[54.892147064208984][41][0.3250000476837158]
[2327.483361678819]	[0.0][0][0.0]	[0.0][0][0.0]	[54.892147064208984][41][0.3250000476837158]
[2330.242711591224]	[0.0][0][0.0]	[0.0][0][0.0]	[54.892147064208984][41][0.3250000476837158]
[2335.761411416034]	[0.0][0][0.0]	[0.0][0][0.0]	[54.892147064208984][41][0.3250000476837158]
[2341.2801112408442]	[0.0][0][0.0]	[0.0][0][0.0]	[54.892147064208984][42][0.3250000476837158]
[2344.0394611532492]	[0.0][0][0.0]	[0.0][0][0.0]	[54.892147064208984][42][0.3320000171661377]
[2346.7988110656543]	[0.0][0][0.0]	[0.0][0][0.0]	[54.892147064208984][42][0.33300018310546875]
[2352.3175108904643]	[0.0][0][0.0]	[0.0][0][0.0]	[54.892147064208984][42][0.33300018310546875]
[2355.0768608028693]	[0.0][0][0.0]	[0.0][0][0.0]	[54.892147064208984][42][0.33300018310546875]
[2357.8362107152743]	[0.0][0][0.0]	[0.0][0][0.0]	[54.892147064208984][42][0.33300018310546875]
[2363.3549105400843]	[0.0][0][0.0]	[0.0][0][0.0]	[54.892147064208984][42][0.33300018310546875]
[2368.8736103648944]	[0.0][0][0.0]	[0.0][0][0.0]	[54.892147064208984][42][0.33300018310546875]
[2371.6329602772994]	[0.0][0][0.0]	[0.0][0][0.0]	[54.892147064208984][42][0.33300018310546875]
[2374.3923101897044]	[0.0][0][0.0]	[0.0][0][0.0]	[54.892147064208984][42][0.33300018310546875]
[2379.9110100145144]	[0.0][0][0.0]	[0.0][0][0.0]	[54.892147064208984][42][0.33300018310546875]
[2382.6703599269194]	[0.0][0][0.0]	[0.0][0][0.0]	[54.892147064208984][42][0.33300018310546875]
[2385.4297098393245]	[0.0][0][0.0]	[0.0][0][0.0]	[54.892147064208984][42][0.33300018310546875]
[2390.9484096641345]	[0.0][0][0.0]	[0.0][0][0.0]	[54.892147064208984][42][0.33300018310546875]
[2393.7077595765395]	[0.0][0][0.0]	[0.0][0][0.0]	[54.892147064208984][42][0.33300018310546875]
[2396.4671094889445]	[0.0][0][0.0]	[0.0][0][0.0]	[54.892147064208984][43][0.3360002040863037]
[2401.9858093137545]	[0.0][0][0.0]	[0.0][0][0.0]	[54.892147064208984][43][0.3400001525878906]
[2407.5045091385646]	[0.0][0][0.0]	[0.0][0][0.0]	[54.892147064208984][43][0.3400001525878906]
[2410.2638590509696]	[0.0][0][0.0]	[0.0][0][0.0]	[54.892147064208984][43][0.3400001525878906]
[2413.0232089633746]	[0.0][0][0.0]	[0.0][0][0.0]	[54.892147064208984][43][0.3400001525878906]
[2418.6255254521966]	[0.0][0][0.0]	[0.0][0][0.0]	[54.892147064208984][43][0.3400001525878906]
[2421.3848753646016]	[0.0][0][0.0]	[0.0][0][0.0]	[54.892147064208984][43][0.3400001525878906]
[2424.1442252770066]	[0.0][0][0.0]	[0.0][0][0.0]	[54.892147064208984][43][0.3400001525878906]
[2430.1228167538843]	[0.0][0][0.0]	[0.0][0][0.0]	[54.892147064208984][43][0.3400001525878906]
[2432.9657833303017]	[0.0][0][0.0]	[0.0][0][0.0]	[54.892147064208984][43][0.3400001525878906]
[2438.5680998191237]	[0.0][0][0.0]	[0.0][0][0.0]	[54.892147064208984][43][0.3400001525878906]
[2441.3274497315288]	[0.0][0][0.0]	[0.0][0][0.0]	[54.892147064208984][43][0.3400001525878906]
[2446.846149556339]	[0.0][0][0.0]	[0.0][0][0.0]	[54.892147064208984][43][0.3400001525878906]
[2449.605499468744]	[0.0][0][0.0]	[0.0][0][0.0]	[54.892147064208984][44][0.3400001525878906]
[2455.124199293554]	[0.0][0][0.0]	[0.0][0][0.0]	[54.892147064208984][44][0.3470001220703125]
[2457.9671658699713]	[0.0][0][0.0]	[0.0][0][0.0]	[54.892147064208984][44][0.34800004959106445]
[2460.8101324463887]	[0.0][0][0.0]	[0.0][0][0.0]	[54.892147064208984][44][0.34800004959106445]
[2466.4124489352107]	[0.0][0][0.0]	[0.0][0][0.0]	[54.892147064208984][44][0.34800004959106445]
[2469.077730100602]	[0.0][0][0.0]	[0.0][0][0.0]	[54.892147064208984][44][0.34800004959106445]
[2471.837080013007]	[0.0][0][0.0]	[0.0][0][0.0]	[54.892147064208984][44][0.34800004959106445]
[2477.355779837817]	[0.0][0][0.0]	[0.0][0][0.0]	[54.892147064208984][44][0.34800004959106445]
[2480.115129750222]	[0.0][0][0.0]	[0.0][0][0.0]	[54.892147064208984][44][0.34800004959106445]
[2485.633829575032]	[0.0][0][0.0]	[0.0][0][0.0]	[54.892147064208984][44][0.34800004959106445]
[2488.393179487437]	[0.0][0][0.0]	[0.0][0][0.0]	[54.892147064208984][44][0.34800004959106445]
[2493.911879312247]	[0.0][0][0.0]	[0.0][0][0.0]	[54.892147064208984][44][0.34800004959106445]
[2496.671229224652]	[0.0][0][0.0]	[0.0][0][0.0]	[54.892147064208984][44][0.34800004959106445]
[2499.430579137057]	[0.0][0][0.0]	[0.0][0][0.0]	[54.892147064208984][44][0.34800004959106445]
[2504.949278961867]	[0.0][0][0.0]	[0.0][0][0.0]	[54.892147064208984][44][0.34800004959106445]
[2507.708628874272]	[0.0][0][0.0]	[0.0][0][0.0]	[54.892147064208984][45][0.3510000705718994]
[2510.467978786677]	[0.0][0][0.0]	[0.0][0][0.0]	[54.892147064208984][45][0.3560001850128174]
[2513.227328699082]	[0.0][0][0.0]	[0.0][0][0.0]	[54.892147064208984][45][0.3560001850128174]
[2518.746028523892]	[0.0][0][0.0]	[0.0][0][0.0]	[54.892147064208984][45][0.3560001850128174]
[2521.505378436297]	[0.0][0][0.0]	[0.0][0][0.0]	[54.892147064208984][45][0.3560001850128174]
[2524.264728348702]	[0.0][0][0.0]	[0.0][0][0.0]	[54.892147064208984][45][0.3560001850128174]
[2529.783428173512]	[0.0][0][0.0]	[0.0][0][0.0]	[54.892147064208984][45][0.3560001850128174]
[2532.5427780859172]	[0.0][0][0.0]	[0.0][0][0.0]	[54.892147064208984][45][0.3560001850128174]
[2538.1450945747397]	[0.0][0][0.0]	[0.0][0][0.0]	[54.892147064208984][45][0.3560001850128174]
[2541.3643361392124]	[0.0][0][0.0]	[0.0][0][0.0]	[54.892147064208984][45][0.3560001850128174]
[2546.9666526280344]	[0.0][0][0.0]	[0.0][0][0.0]	[54.892147064208984][45][0.3560001850128174]
[2549.7260025404394]	[0.0][0][0.0]	[0.0][0][0.0]	[54.892147064208984][45][0.3560001850128174]
[2552.4853524528444]	[0.0][0][0.0]	[0.0][0][0.0]	[54.892147064208984][45][0.3560001850128174]
[2558.087668941667]	[0.0][0][0.0]	[0.0][0][0.0]	[54.892147064208984][45][0.3560001850128174]
[2560.847018854072]	[0.0][0][0.0]	[0.0][0][0.0]	[54.892147064208984][46][0.36100006103515625]
[2563.606368766477]	[0.0][0][0.0]	[0.0][0][0.0]	[54.892147064208984][46][0.3640000820159912]
[2569.125068591287]	[0.0][0][0.0]	[0.0][0][0.0]	[54.892147064208984][46][0.3640000820159912]
[2571.884418503692]	[0.0][0][0.0]	[0.0][0][0.0]	[54.892147064208984][46][0.3640000820159912]
[2574.643768416097]	[0.0][0][0.0]	[0.0][0][0.0]	[54.892147064208984][46][0.3640000820159912]
[2580.162468240907]	[0.0][0][0.0]	[0.0][0][0.0]	[54.892147064208984][46][0.3640000820159912]
[2582.921818153312]	[0.0][0][0.0]	[0.0][0][0.0]	[54.892147064208984][46][0.3640000820159912]
[2588.440517978122]	[0.0][0][0.0]	[0.0][0][0.0]	[54.892147064208984][46][0.3640000820159912]
[2591.199867890527]	[0.0][0][0.0]	[0.0][0][0.0]	[54.892147064208984][46][0.3640000820159912]
[2593.959217802932]	[0.0][0][0.0]	[0.0][0][0.0]	[54.892147064208984][46][0.3640000820159912]
[2599.477917627742]	[0.0][0][0.0]	[0.0][0][0.0]	[54.892147064208984][46][0.3640000820159912]
[2602.3208842041595]	[0.0][0][0.0]	[0.0][0][0.0]	[54.892147064208984][46][0.3640000820159912]
[2607.8395840289695]	[0.0][0][0.0]	[0.0][0][0.0]	[54.892147064208984][46][0.3640000820159912]
[2610.5989339413745]	[0.0][0][0.0]	[0.0][0][0.0]	[54.892147064208984][46][0.3640000820159912]
[2613.3582838537795]	[0.0][0][0.0]	[0.0][0][0.0]	[54.892147064208984][47][0.3640000820159912]
[2618.9606003426015]	[0.0][0][0.0]	[0.0][0][0.0]	[54.892147064208984][47][0.3710000514984131]
[2621.7199502550066]	[0.0][0][0.0]	[0.0][0][0.0]	[54.892147064208984][47][0.37199997901916504]
[2624.4793001674116]	[0.0][0][0.0]	[0.0][0][0.0]	[54.892147064208984][47][0.37199997901916504]
[2627.2386500798166]	[0.0][0][0.0]	[0.0][0][0.0]	[54.892147064208984][47][0.37199997901916504]
[2632.7573499046266]	[0.0][0][0.0]	[0.0][0][0.0]	[54.892147064208984][47][0.37199997901916504]
[2635.5166998170316]	[0.0][0][0.0]	[0.0][0][0.0]	[54.892147064208984][47][0.37199997901916504]
[2638.2760497294366]	[0.0][0][0.0]	[0.0][0][0.0]	[54.892147064208984][47][0.37199997901916504]
[2643.7947495542467]	[0.0][0][0.0]	[0.0][0][0.0]	[54.892147064208984][47][0.37199997901916504]
[2646.5540994666517]	[0.0][0][0.0]	[0.0][0][0.0]	[54.892147064208984][47][0.37199997901916504]
[2652.0727992914617]	[0.0][0][0.0]	[0.0][0][0.0]	[54.892147064208984][47][0.37199997901916504]
[2654.8321492038667]	[0.0][0][0.0]	[0.0][0][0.0]	[54.892147064208984][47][0.37199997901916504]
[2657.5914991162717]	[0.0][0][0.0]	[0.0][0][0.0]	[54.892147064208984][47][0.37199997901916504]
[2663.1101989410818]	[0.0][0][0.0]	[0.0][0][0.0]	[54.892147064208984][47][0.37199997901916504]
[2668.628898765892]	[0.0][0][0.0]	[0.0][0][0.0]	[54.892147064208984][47][0.37199997901916504]
[2674.147598590702]	[0.0][0][0.0]	[0.0][0][0.0]	[54.892147064208984][48][0.375]
[2676.906948503107]	[0.0][0][0.0]	[0.0][0][0.0]	[54.892147064208984][48][0.38000011444091797]
[2679.7499150795243]	[0.0][0][0.0]	[0.0][0][0.0]	[54.892147064208984][48][0.38000011444091797]
[2685.1745461573205]	[0.0][0][0.0]	[0.0][0][0.0]	[54.892147064208984][48][0.38000011444091797]
[2687.9338960697255]	[0.0][0][0.0]	[0.0][0][0.0]	[54.892147064208984][48][0.38000011444091797]
[2690.6932459821305]	[0.0][0][0.0]	[0.0][0][0.0]	[54.892147064208984][48][0.38000011444091797]
[2696.2119458069405]	[0.0][0][0.0]	[0.0][0][0.0]	[54.892147064208984][48][0.38000011444091797]
[2698.9712957193456]	[0.0][0][0.0]	[0.0][0][0.0]	[54.892147064208984][48][0.38000011444091797]
[2704.4899955441556]	[0.0][0][0.0]	[0.0][0][0.0]	[54.892147064208984][48][0.38000011444091797]
[2707.2493454565606]	[0.0][0][0.0]	[0.0][0][0.0]	[54.892147064208984][48][0.38000011444091797]
[2712.851661945383]	[0.0][0][0.0]	[0.0][0][0.0]	[54.892147064208984][48][0.38000011444091797]
[2716.0709035098553]	[0.0][0][0.0]	[0.0][0][0.0]	[54.892147064208984][48][0.38000011444091797]
[2718.8302534222603]	[0.0][0][0.0]	[0.0][0][0.0]	[54.892147064208984][48][0.38000011444091797]
[2721.5896033346653]	[0.0][0][0.0]	[0.0][0][0.0]	[54.892147064208984][48][0.38000011444091797]
[2727.1919198234878]	[0.0][0][0.0]	[0.0][0][0.0]	[54.892147064208984][49][0.3810000419616699]
[2732.79423631231]	[0.0][0][0.0]	[0.0][0][0.0]	[54.892147064208984][49][0.3880000114440918]
[2735.553586224715]	[0.0][0][0.0]	[0.0][0][0.0]	[54.892147064208984][49][0.3880000114440918]
[2738.3129361371202]	[0.0][0][0.0]	[0.0][0][0.0]	[54.892147064208984][49][0.3880000114440918]
[2741.0722860495252]	[0.0][0][0.0]	[0.0][0][0.0]	[54.892147064208984][49][0.3880000114440918]
[2743.8316359619303]	[0.0][0][0.0]	[0.0][0][0.0]	[54.892147064208984][49][0.3880000114440918]
[2749.3503357867403]	[0.0][0][0.0]	[0.0][0][0.0]	[54.892147064208984][49][0.3880000114440918]
[2752.1096856991453]	[0.0][0][0.0]	[0.0][0][0.0]	[54.892147064208984][49][0.3880000114440918]
[2754.8690356115503]	[0.0][0][0.0]	[0.0][0][0.0]	[54.892147064208984][49][0.3880000114440918]
[2760.3877354363603]	[0.0][0][0.0]	[0.0][0][0.0]	[54.892147064208984][49][0.3880000114440918]
[2763.1470853487654]	[0.0][0][0.0]	[0.0][0][0.0]	[54.892147064208984][49][0.3880000114440918]
[2765.9900519251823]	[0.0][0][0.0]	[0.0][0][0.0]	[54.892147064208984][49][0.3880000114440918]
[2771.592368414005]	[0.0][0][0.0]	[0.0][0][0.0]	[54.892147064208984][49][0.3880000114440918]
[2774.35171832641]	[0.0][0][0.0]	[0.0][0][0.0]	[54.892147064208984][49][0.3880000114440918]
[2777.111068238815]	[0.0][0][0.0]	[0.0][0][0.0]	[54.892147064208984][49][0.3880000114440918]
[2782.629768063625]	[0.0][0][0.0]	[0.0][0][0.0]	[54.892147064208984][50][0.3880000114440918]
[2785.4727346400423]	[0.0][0][0.0]	[0.0][0][0.0]	[54.892147064208984][50][0.39499998092651367]
[2788.2320845524473]	[0.0][0][0.0]	[0.0][0][0.0]	[54.892147064208984][50][0.3960001468658447]
[2794.2106760293245]	[0.0][0][0.0]	[0.0][0][0.0]	[54.892147064208984][50][0.3960001468658447]
[2797.053642605742]	[0.0][0][0.0]	[0.0][0][0.0]	[54.892147064208984][50][0.3960001468658447]
[2802.572342430552]	[0.0][0][0.0]	[0.0][0][0.0]	[54.892147064208984][50][0.3960001468658447]
[2805.331692342957]	[0.0][0][0.0]	[0.0][0][0.0]	[54.892147064208984][50][0.3960001468658447]
[2808.091042255362]	[0.0][0][0.0]	[0.0][0][0.0]	[54.892147064208984][50][0.3960001468658447]
[2813.609742080172]	[0.0][0][0.0]	[0.0][0][0.0]	[54.892147064208984][50][0.3960001468658447]
[2816.369091992577]	[0.0][0][0.0]	[0.0][0][0.0]	[54.892147064208984][50][0.3960001468658447]
[2819.128441904982]	[0.0][0][0.0]	[0.0][0][0.0]	[54.892147064208984][50][0.3960001468658447]
[2824.8248271408183]	[0.0][0][0.0]	[0.0][0][0.0]	[54.892147064208984][50][0.3960001468658447]
[2827.5841770532234]	[0.0][0][0.0]	[0.0][0][0.0]	[54.892147064208984][50][0.3960001468658447]
[2830.3435269656284]	[0.0][0][0.0]	[0.0][0][0.0]	[54.892147064208984][50][0.3960001468658447]
[2835.8622267904384]	[0.0][0][0.0]	[0.0][0][0.0]	[54.892147064208984][51][0.3990001678466797]
[2838.6215767028434]	[0.0][0][0.0]	[0.0][0][0.0]	[54.892147064208984][51][0.4030001163482666]
[2841.3809266152484]	[0.0][0][0.0]	[0.0][0][0.0]	[54.892147064208984][51][0.40400004386901855]
[2846.8996264400585]	[0.0][0][0.0]	[0.0][0][0.0]	[54.892147064208984][51][0.40400004386901855]
[2849.6589763524635]	[0.0][0][0.0]	[0.0][0][0.0]	[54.892147064208984][51][0.40400004386901855]
[2852.4183262648685]	[0.0][0][0.0]	[0.0][0][0.0]	[54.892147064208984][51][0.40400004386901855]
[2857.9370260896785]	[0.0][0][0.0]	[0.0][0][0.0]	[54.892147064208984][51][0.40400004386901855]
[2860.6963760020835]	[0.0][0][0.0]	[0.0][0][0.0]	[54.892147064208984][51][0.40400004386901855]
[2863.4557259144885]	[0.0][0][0.0]	[0.0][0][0.0]	[54.892147064208984][51][0.40400004386901855]
[2868.9744257392986]	[0.0][0][0.0]	[0.0][0][0.0]	[54.892147064208984][51][0.40400004386901855]
[2871.7337756517036]	[0.0][0][0.0]	[0.0][0][0.0]	[54.892147064208984][51][0.40400004386901855]
[2874.4931255641086]	[0.0][0][0.0]	[0.0][0][0.0]	[54.892147064208984][51][0.40400004386901855]
[2880.0118253889186]	[0.0][0][0.0]	[0.0][0][0.0]	[54.892147064208984][51][0.40400004386901855]
[2882.7711753013236]	[0.0][0][0.0]	[0.0][0][0.0]	[54.892147064208984][51][0.40400004386901855]
[2885.5305252137287]	[0.0][0][0.0]	[0.0][0][0.0]	[54.892147064208984][51][0.40400004386901855]
[2891.0492250385387]	[0.0][0][0.0]	[0.0][0][0.0]	[54.892147064208984][52][0.40400004386901855]
[2893.8085749509437]	[0.0][0][0.0]	[0.0][0][0.0]	[54.892147064208984][52][0.41100001335144043]
[2896.5679248633487]	[0.0][0][0.0]	[0.0][0][0.0]	[54.892147064208984][52][0.4120001792907715]
[2899.3272747757537]	[0.0][0][0.0]	[0.0][0][0.0]	[54.892147064208984][52][0.4120001792907715]
[2904.8459746005637]	[0.0][0][0.0]	[0.0][0][0.0]	[54.892147064208984][52][0.4120001792907715]
[2907.6889411769807]	[0.0][0][0.0]	[0.0][0][0.0]	[54.892147064208984][52][0.4120001792907715]
[2913.291257665803]	[0.0][0][0.0]	[0.0][0][0.0]	[54.892147064208984][52][0.4120001792907715]
[2916.416430483262]	[0.0][0][0.0]	[0.0][0][0.0]	[54.892147064208984][52][0.4120001792907715]
[2919.175780395667]	[0.0][0][0.0]	[0.0][0][0.0]	[54.892147064208984][52][0.4120001792907715]
[2921.935130308072]	[0.0][0][0.0]	[0.0][0][0.0]	[54.892147064208984][52][0.4120001792907715]
[2927.453830132882]	[0.0][0][0.0]	[0.0][0][0.0]	[54.892147064208984][52][0.4120001792907715]
[2930.213180045287]	[0.0][0][0.0]	[0.0][0][0.0]	[54.892147064208984][52][0.4120001792907715]
[2933.056146621704]	[0.0][0][0.0]	[0.0][0][0.0]	[54.892147064208984][52][0.4120001792907715]
[2935.815496534109]	[0.0][0][0.0]	[0.0][0][0.0]	[54.892147064208984][52][0.4120001792907715]
[2941.4178130229316]	[0.0][0][0.0]	[0.0][0][0.0]	[54.892147064208984][52][0.4120001792907715]
[2944.1771629353366]	[0.0][0][0.0]	[0.0][0][0.0]	[54.892147064208984][53][0.4120001792907715]
[2949.695862760146]	[0.0][0][0.0]	[0.0][0][0.0]	[54.892147064208984][53][0.4200000762939453]
[2952.455212672551]	[0.0][0][0.0]	[0.0][0][0.0]	[54.892147064208984][53][0.4200000762939453]
[2954.681506351878]	[0.0][0][0.0]	[0.0][0][0.0]	[54.892147064208984][53][0.4200000762939453]
[2959.2072582915425]	[0.0][0][0.0]	[0.0][0][0.0]	[54.892147064208984][53][0.4200000762939453]
[2961.4335519708693]	[0.0][0][0.0]	[0.0][0][0.0]	[54.892147064208984][53][0.4200000762939453]
[2963.659845650196]	[0.0][0][0.0]	[0.0][0][0.0]	[54.892147064208984][53][0.4200000762939453]
[2967.0672247086964]	[0.0][0][0.0]	[0.0][0][0.0]	[54.892147064208984][53][0.4200000762939453]
[2968.7709142379463]	[0.0][0][0.0]	[0.0][0][0.0]	[54.892147064208984][53][0.4200000762939453]
[2970.474603767196]	[0.0][0][0.0]	[0.0][0][0.0]	[54.892147064208984][53][0.4200000762939453]
[2972.1782932964466]	[0.0][0][0.0]	[0.0][0][0.0]	[54.892147064208984][53][0.4200000762939453]
[2975.5856723549464]	[0.0][0][0.0]	[0.0][0][0.0]	[54.892147064208984][53][0.4200000762939453]
[2977.2893618841968]	[0.0][0][0.0]	[0.0][0][0.0]	[54.892147064208984][53][0.4200000762939453]
[2980.6967409426966]	[0.0][0][0.0]	[0.0][0][0.0]	[54.892147064208984][53][0.4200000762939453]
[2981.8673742388687]	[0.0][0][0.0]	[0.0][0][0.0]	[54.892147064208984][53][0.4200000762939453]
[2983.0380075350404]	[0.0][0][0.0]	[0.0][0][0.0]	[54.892147064208984][53][0.4200000762939453]
[2985.379274127384]	[0.0][0][0.0]	[0.0][0][0.0]	[54.892147064208984][53][0.4200000762939453]
[2986.5185511745512]	[0.0][0][0.0]	[0.0][0][0.0]	[54.892147064208984][53][0.4200000762939453]
[2987.689184470723]	[0.0][0][0.0]	[0.0][0][0.0]	[54.892147064208984][53][0.4200000762939453]
[2990.0304510630667]	[0.0][0][0.0]	[0.0][0][0.0]	[54.892147064208984][53][0.4200000762939453]
[2991.2010843592384]	[0.0][0][0.0]	[0.0][0][0.0]	[54.892147064208984][53][0.4200000762939453]
[2992.3717176554105]	[0.0][0][0.0]	[0.0][0][0.0]	[54.892147064208984][53][0.4200000762939453]
[2993.0197468015053]	[0.0][0][0.0]	[0.0][0][0.0]	[54.892147064208984][53][0.4200000762939453]
[2993.6677759476006]	[0.0][0][0.0]	[0.0][0][0.0]	[54.892147064208984][53][0.4200000762939453]
[2994.984738405794]	[0.0][0][0.0]	[0.0][0][0.0]	[54.892147064208984][53][0.4200000762939453]
[2995.632767551889]	[0.0][0][0.0]	[0.0][0][0.0]	[54.892147064208984][53][0.4200000762939453]
[2996.280796697984]	[0.0][0][0.0]	[0.0][0][0.0]	[54.892147064208984][53][0.4200000762939453]
[2997.5768549901745]	[0.0][0][0.0]	[0.0][0][0.0]	[54.892147064208984][53][0.4200000762939453]
[2998.2248841362693]	[0.0][0][0.0]	[0.0][0][0.0]	[54.892147064208984][53][0.4200000762939453]
[2998.2248841362693]	[0.0][0][0.0]	[0.0][0][0.0]	[54.892147064208984][53][0.4200000762939453]
[2998.2248841362693]	[0.0][0][0.0]	[0.0][0][0.0]	[54.892147064208984][53][0.4200000762939453]
[2998.2248841362693]	[0.0][0][0.0]	[0.0][0][0.0]	[54.892147064208984][53][0.4200000762939453]
[2998.2248841362693]	[0.0][0][0.0]	[0.0][0][0.0]	[54.892147064208984][53][0.4200000762939453]
[2998.2248841362693]	[0.0][0][0.0]	[0.0][0][0.0]	[54.892147064208984][53][0.4200000762939453]
[2998.2248841362693]	[0.0][0][0.0]	[0.0][0][0.0]	[54.892147064208984][53][0.4200000762939453]
[2998.2248841362693]	[0.0][0][0.0]	[0.0][0][0.0]	[54.892147064208984][53][0.4200000762939453]
[2998.2248841362693]	[0.0][0][0.0]	[0.0][0][0.0]	[54.892147064208984][53][0.4200000762939453]
[2998.2248841362693]	[0.0][0][0.0]	[0.0][0][0.0]	[54.892147064208984][53][0.4200000762939453]
[2998.2248841362693]	[0.0][0][0.0]	[0.0][0][0.0]	[54.892147064208984][53][0.4200000762939453]
[2998.2248841362693]	[0.0][0][0.0]	[0.0][0][0.0]	[54.892147064208984][53][0.4200000762939453]
[2998.2248841362693]	[0.0][0][0.0]	[0.0][0][0.0]	[54.892147064208984][53][0.4200000762939453]
[2998.2248841362693]	[0.0][0][0.0]	[0.0][0][0.0]	[54.892147064208984][53][0.4200000762939453]
[2998.2248841362693]	[0.0][0][0.0]	[0.0][0][0.0]	[54.892147064208984][53][0.4200000762939453]
[2998.2248841362693]	[0.0][0][0.0]	[0.0][0][0.0]	[54.892147064208984][53][0.4200000762939453]
[2998.2248841362693]	[0.0][0][0.0]	[0.0][0][0.0]	[54.892147064208984][53][0.4200000762939453]
[2998.2248841362693]	[0.0][0][0.0]	[0.0][0][0.0]	[54.892147064208984][53][0.4200000762939453]
[2998.2248841362693]	[0.0][0][0.0]	[0.0][0][0.0]	[54.892147064208984][53][0.4200000762939453]
[2998.2248841362693]	[0.0][0][0.0]	[0.0][0][0.0]	[54.892147064208984][53][0.4200000762939453]
[2998.2248841362693]	[0.0][0][0.0]	[0.0][0][0.0]	[54.892147064208984][53][0.4200000762939453]
